-1	-0.047619
-0.999	-0.0573616
-0.998	-0.0667143
-0.997	-0.0756871
-0.996	-0.0842898
-0.995	-0.092532
-0.994	-0.100423
-0.993	-0.107972
-0.992	-0.115189
-0.991	-0.122081
-0.99	-0.128658
-0.989	-0.134929
-0.988	-0.140901
-0.987	-0.146582
-0.986	-0.151982
-0.985	-0.157107
-0.984	-0.161966
-0.983	-0.166565
-0.982	-0.170913
-0.981	-0.175017
-0.98	-0.178883
-0.979	-0.182519
-0.978	-0.185931
-0.977	-0.189126
-0.976	-0.192111
-0.975	-0.194892
-0.974	-0.197476
-0.973	-0.199867
-0.972	-0.202073
-0.971	-0.2041
-0.97	-0.205952
-0.969	-0.207636
-0.968	-0.209157
-0.967	-0.21052
-0.966	-0.211732
-0.965	-0.212796
-0.964	-0.213718
-0.963	-0.214502
-0.962	-0.215155
-0.961	-0.215679
-0.96	-0.216081
-0.959	-0.216363
-0.958	-0.216532
-0.957	-0.21659
-0.956	-0.216543
-0.955	-0.216394
-0.954	-0.216147
-0.953	-0.215806
-0.952	-0.215375
-0.951	-0.214858
-0.95	-0.214258
-0.949	-0.213579
-0.948	-0.212824
-0.947	-0.211996
-0.946	-0.211099
-0.945	-0.210136
-0.944	-0.209111
-0.943	-0.208025
-0.942	-0.206883
-0.941	-0.205686
-0.94	-0.204438
-0.939	-0.203142
-0.938	-0.201799
-0.937	-0.200414
-0.936	-0.198988
-0.935	-0.197523
-0.934	-0.196022
-0.933	-0.194488
-0.932	-0.192922
-0.931	-0.191327
-0.93	-0.189706
-0.929	-0.188059
-0.928	-0.186389
-0.927	-0.184697
-0.926	-0.182987
-0.925	-0.18126
-0.924	-0.179517
-0.923	-0.177759
-0.922	-0.17599
-0.921	-0.174211
-0.92	-0.172422
-0.919	-0.170626
-0.918	-0.168823
-0.917	-0.167017
-0.916	-0.165207
-0.915	-0.163395
-0.914	-0.161582
-0.913	-0.159771
-0.912	-0.157961
-0.911	-0.156154
-0.91	-0.154351
-0.909	-0.152554
-0.908	-0.150762
-0.907	-0.148978
-0.906	-0.147203
-0.905	-0.145436
-0.904	-0.143679
-0.903	-0.141933
-0.902	-0.140199
-0.901	-0.138478
-0.9	-0.136769
-0.899	-0.135075
-0.898	-0.133395
-0.897	-0.131731
-0.896	-0.130082
-0.895	-0.12845
-0.894	-0.126836
-0.893	-0.125238
-0.892	-0.123659
-0.891	-0.122099
-0.89	-0.120558
-0.889	-0.119036
-0.888	-0.117535
-0.887	-0.116053
-0.886	-0.114593
-0.885	-0.113153
-0.884	-0.111735
-0.883	-0.110339
-0.882	-0.108965
-0.881	-0.107612
-0.88	-0.106283
-0.879	-0.104976
-0.878	-0.103692
-0.877	-0.102431
-0.876	-0.101194
-0.875	-0.0999797
-0.874	-0.0987891
-0.873	-0.0976222
-0.872	-0.0964791
-0.871	-0.0953598
-0.87	-0.0942645
-0.869	-0.0931931
-0.868	-0.0921458
-0.867	-0.0911226
-0.866	-0.0901234
-0.865	-0.0891482
-0.864	-0.0881972
-0.863	-0.0872702
-0.862	-0.0863671
-0.861	-0.0854881
-0.86	-0.0846329
-0.859	-0.0838016
-0.858	-0.0829941
-0.857	-0.0822102
-0.856	-0.0814499
-0.855	-0.0807131
-0.854	-0.0799997
-0.853	-0.0793094
-0.852	-0.0786424
-0.851	-0.0779982
-0.85	-0.077377
-0.849	-0.0767784
-0.848	-0.0762023
-0.847	-0.0756486
-0.846	-0.075117
-0.845	-0.0746075
-0.844	-0.0741198
-0.843	-0.0736537
-0.842	-0.0732091
-0.841	-0.0727857
-0.84	-0.0723833
-0.839	-0.0720018
-0.838	-0.0716409
-0.837	-0.0713004
-0.836	-0.07098
-0.835	-0.0706797
-0.834	-0.070399
-0.833	-0.0701379
-0.832	-0.069896
-0.831	-0.0696732
-0.83	-0.0694691
-0.829	-0.0692836
-0.828	-0.0691164
-0.827	-0.0689673
-0.826	-0.068836
-0.825	-0.0687222
-0.824	-0.0686258
-0.823	-0.0685464
-0.822	-0.0684838
-0.821	-0.0684378
-0.82	-0.0684081
-0.819	-0.0683945
-0.818	-0.0683966
-0.817	-0.0684143
-0.816	-0.0684473
-0.815	-0.0684953
-0.814	-0.068558
-0.813	-0.0686353
-0.812	-0.0687268
-0.811	-0.0688324
-0.81	-0.0689516
-0.809	-0.0690844
-0.808	-0.0692304
-0.807	-0.0693894
-0.806	-0.0695611
-0.805	-0.0697452
-0.804	-0.0699416
-0.803	-0.07015
-0.802	-0.0703701
-0.801	-0.0706017
-0.8	-0.0708445
-0.799	-0.0710983
-0.798	-0.0713629
-0.797	-0.071638
-0.796	-0.0719233
-0.795	-0.0722186
-0.794	-0.0725238
-0.793	-0.0728385
-0.792	-0.0731626
-0.791	-0.0734957
-0.79	-0.0738377
-0.789	-0.0741884
-0.788	-0.0745475
-0.787	-0.0749147
-0.786	-0.07529
-0.785	-0.075673
-0.784	-0.0760636
-0.783	-0.0764615
-0.782	-0.0768665
-0.781	-0.0772785
-0.78	-0.0776971
-0.779	-0.0781223
-0.778	-0.0785538
-0.777	-0.0789914
-0.776	-0.0794349
-0.775	-0.0798842
-0.774	-0.080339
-0.773	-0.0807991
-0.772	-0.0812644
-0.771	-0.0817347
-0.77	-0.0822098
-0.769	-0.0826896
-0.768	-0.0831738
-0.767	-0.0836623
-0.766	-0.0841549
-0.765	-0.0846514
-0.764	-0.0851518
-0.763	-0.0856558
-0.762	-0.0861633
-0.761	-0.0866741
-0.76	-0.0871881
-0.759	-0.0877051
-0.758	-0.0882249
-0.757	-0.0887476
-0.756	-0.0892728
-0.755	-0.0898005
-0.754	-0.0903305
-0.753	-0.0908627
-0.752	-0.091397
-0.751	-0.0919332
-0.75	-0.0924713
-0.749	-0.093011
-0.748	-0.0935523
-0.747	-0.0940951
-0.746	-0.0946393
-0.745	-0.0951847
-0.744	-0.0957312
-0.743	-0.0962788
-0.742	-0.0968273
-0.741	-0.0973766
-0.74	-0.0979267
-0.739	-0.0984774
-0.738	-0.0990286
-0.737	-0.0995804
-0.736	-0.100132
-0.735	-0.100685
-0.734	-0.101238
-0.733	-0.10179
-0.732	-0.102343
-0.731	-0.102896
-0.73	-0.103449
-0.729	-0.104001
-0.728	-0.104554
-0.727	-0.105106
-0.726	-0.105657
-0.725	-0.106209
-0.724	-0.10676
-0.723	-0.10731
-0.722	-0.10786
-0.721	-0.108409
-0.72	-0.108957
-0.719	-0.109505
-0.718	-0.110052
-0.717	-0.110598
-0.716	-0.111144
-0.715	-0.111688
-0.714	-0.112232
-0.713	-0.112775
-0.712	-0.113316
-0.711	-0.113857
-0.71	-0.114396
-0.709	-0.114935
-0.708	-0.115472
-0.707	-0.116009
-0.706	-0.116544
-0.705	-0.117078
-0.704	-0.117611
-0.703	-0.118143
-0.702	-0.118673
-0.701	-0.119202
-0.7	-0.11973
-0.699	-0.120257
-0.698	-0.120783
-0.697	-0.121307
-0.696	-0.12183
-0.695	-0.122352
-0.694	-0.122873
-0.693	-0.123392
-0.692	-0.12391
-0.691	-0.124427
-0.69	-0.124942
-0.689	-0.125456
-0.688	-0.125969
-0.687	-0.126481
-0.686	-0.126992
-0.685	-0.127501
-0.684	-0.128009
-0.683	-0.128516
-0.682	-0.129021
-0.681	-0.129526
-0.68	-0.130029
-0.679	-0.130531
-0.678	-0.131032
-0.677	-0.131532
-0.676	-0.132031
-0.675	-0.132529
-0.674	-0.133025
-0.673	-0.133521
-0.672	-0.134015
-0.671	-0.134509
-0.67	-0.135002
-0.669	-0.135493
-0.668	-0.135984
-0.667	-0.136473
-0.666	-0.136962
-0.665	-0.13745
-0.664	-0.137937
-0.663	-0.138424
-0.662	-0.138909
-0.661	-0.139394
-0.66	-0.139878
-0.659	-0.140361
-0.658	-0.140844
-0.657	-0.141326
-0.656	-0.141807
-0.655	-0.142288
-0.654	-0.142768
-0.653	-0.143248
-0.652	-0.143727
-0.651	-0.144205
-0.65	-0.144684
-0.649	-0.145161
-0.648	-0.145639
-0.647	-0.146116
-0.646	-0.146593
-0.645	-0.147069
-0.644	-0.147545
-0.643	-0.148021
-0.642	-0.148497
-0.641	-0.148972
-0.64	-0.149448
-0.639	-0.149923
-0.638	-0.150398
-0.637	-0.150873
-0.636	-0.151348
-0.635	-0.151823
-0.634	-0.152298
-0.633	-0.152774
-0.632	-0.153249
-0.631	-0.153724
-0.63	-0.1542
-0.629	-0.154676
-0.628	-0.155152
-0.627	-0.155628
-0.626	-0.156104
-0.625	-0.156581
-0.624	-0.157058
-0.623	-0.157536
-0.622	-0.158013
-0.621	-0.158492
-0.62	-0.15897
-0.619	-0.159449
-0.618	-0.159929
-0.617	-0.160409
-0.616	-0.16089
-0.615	-0.161371
-0.614	-0.161853
-0.613	-0.162335
-0.612	-0.162818
-0.611	-0.163302
-0.61	-0.163786
-0.609	-0.164271
-0.608	-0.164756
-0.607	-0.165243
-0.606	-0.16573
-0.605	-0.166218
-0.604	-0.166707
-0.603	-0.167196
-0.602	-0.167686
-0.601	-0.168178
-0.6	-0.16867
-0.599	-0.169162
-0.598	-0.169656
-0.597	-0.170151
-0.596	-0.170646
-0.595	-0.171143
-0.594	-0.17164
-0.593	-0.172139
-0.592	-0.172638
-0.591	-0.173138
-0.59	-0.17364
-0.589	-0.174142
-0.588	-0.174645
-0.587	-0.17515
-0.586	-0.175655
-0.585	-0.176161
-0.584	-0.176669
-0.583	-0.177177
-0.582	-0.177686
-0.581	-0.178197
-0.58	-0.178708
-0.579	-0.179221
-0.578	-0.179735
-0.577	-0.180249
-0.576	-0.180765
-0.575	-0.181282
-0.574	-0.1818
-0.573	-0.182318
-0.572	-0.182838
-0.571	-0.183359
-0.57	-0.183881
-0.569	-0.184404
-0.568	-0.184928
-0.567	-0.185453
-0.566	-0.185979
-0.565	-0.186506
-0.564	-0.187035
-0.563	-0.187564
-0.562	-0.188094
-0.561	-0.188625
-0.56	-0.189157
-0.559	-0.18969
-0.558	-0.190224
-0.557	-0.190758
-0.556	-0.191294
-0.555	-0.191831
-0.554	-0.192368
-0.553	-0.192907
-0.552	-0.193446
-0.551	-0.193986
-0.55	-0.194527
-0.549	-0.195068
-0.548	-0.195611
-0.547	-0.196154
-0.546	-0.196698
-0.545	-0.197243
-0.544	-0.197788
-0.543	-0.198334
-0.542	-0.198881
-0.541	-0.199428
-0.54	-0.199976
-0.539	-0.200524
-0.538	-0.201074
-0.537	-0.201623
-0.536	-0.202173
-0.535	-0.202724
-0.534	-0.203275
-0.533	-0.203826
-0.532	-0.204378
-0.531	-0.20493
-0.53	-0.205483
-0.529	-0.206036
-0.528	-0.206589
-0.527	-0.207142
-0.526	-0.207696
-0.525	-0.208249
-0.524	-0.208803
-0.523	-0.209357
-0.522	-0.209911
-0.521	-0.210465
-0.52	-0.21102
-0.519	-0.211574
-0.518	-0.212128
-0.517	-0.212682
-0.516	-0.213235
-0.515	-0.213789
-0.514	-0.214342
-0.513	-0.214895
-0.512	-0.215448
-0.511	-0.216001
-0.51	-0.216553
-0.509	-0.217105
-0.508	-0.217656
-0.507	-0.218207
-0.506	-0.218757
-0.505	-0.219307
-0.504	-0.219856
-0.503	-0.220404
-0.502	-0.220952
-0.501	-0.221499
-0.5	-0.222045
-0.499	-0.22259
-0.498	-0.223135
-0.497	-0.223678
-0.496	-0.224221
-0.495	-0.224762
-0.494	-0.225303
-0.493	-0.225842
-0.492	-0.226381
-0.491	-0.226918
-0.49	-0.227454
-0.489	-0.227988
-0.488	-0.228521
-0.487	-0.229053
-0.486	-0.229584
-0.485	-0.230113
-0.484	-0.23064
-0.483	-0.231166
-0.482	-0.23169
-0.481	-0.232213
-0.48	-0.232734
-0.479	-0.233253
-0.478	-0.23377
-0.477	-0.234286
-0.476	-0.2348
-0.475	-0.235311
-0.474	-0.235821
-0.473	-0.236329
-0.472	-0.236834
-0.471	-0.237338
-0.47	-0.237839
-0.469	-0.238338
-0.468	-0.238834
-0.467	-0.239329
-0.466	-0.239821
-0.465	-0.24031
-0.464	-0.240797
-0.463	-0.241282
-0.462	-0.241764
-0.461	-0.242243
-0.46	-0.24272
-0.459	-0.243193
-0.458	-0.243665
-0.457	-0.244133
-0.456	-0.244598
-0.455	-0.245061
-0.454	-0.24552
-0.453	-0.245977
-0.452	-0.24643
-0.451	-0.24688
-0.45	-0.247327
-0.449	-0.247771
-0.448	-0.248212
-0.447	-0.248649
-0.446	-0.249083
-0.445	-0.249514
-0.444	-0.249941
-0.443	-0.250365
-0.442	-0.250785
-0.441	-0.251201
-0.44	-0.251614
-0.439	-0.252023
-0.438	-0.252429
-0.437	-0.25283
-0.436	-0.253228
-0.435	-0.253622
-0.434	-0.254012
-0.433	-0.254398
-0.432	-0.25478
-0.431	-0.255158
-0.43	-0.255532
-0.429	-0.255902
-0.428	-0.256268
-0.427	-0.256629
-0.426	-0.256986
-0.425	-0.257339
-0.424	-0.257688
-0.423	-0.258032
-0.422	-0.258371
-0.421	-0.258706
-0.42	-0.259037
-0.419	-0.259363
-0.418	-0.259685
-0.417	-0.260002
-0.416	-0.260314
-0.415	-0.260621
-0.414	-0.260924
-0.413	-0.261222
-0.412	-0.261515
-0.411	-0.261803
-0.41	-0.262087
-0.409	-0.262365
-0.408	-0.262638
-0.407	-0.262907
-0.406	-0.26317
-0.405	-0.263428
-0.404	-0.263681
-0.403	-0.263929
-0.402	-0.264172
-0.401	-0.264409
-0.4	-0.264642
-0.399	-0.264869
-0.398	-0.26509
-0.397	-0.265306
-0.396	-0.265517
-0.395	-0.265723
-0.394	-0.265923
-0.393	-0.266117
-0.392	-0.266306
-0.391	-0.26649
-0.39	-0.266668
-0.389	-0.26684
-0.388	-0.267007
-0.387	-0.267168
-0.386	-0.267323
-0.385	-0.267473
-0.384	-0.267617
-0.383	-0.267755
-0.382	-0.267887
-0.381	-0.268014
-0.38	-0.268135
-0.379	-0.268249
-0.378	-0.268358
-0.377	-0.268462
-0.376	-0.268559
-0.375	-0.26865
-0.374	-0.268735
-0.373	-0.268815
-0.372	-0.268888
-0.371	-0.268955
-0.37	-0.269017
-0.369	-0.269072
-0.368	-0.269121
-0.367	-0.269164
-0.366	-0.269201
-0.365	-0.269232
-0.364	-0.269256
-0.363	-0.269275
-0.362	-0.269287
-0.361	-0.269293
-0.36	-0.269293
-0.359	-0.269287
-0.358	-0.269275
-0.357	-0.269256
-0.356	-0.269231
-0.355	-0.2692
-0.354	-0.269162
-0.353	-0.269119
-0.352	-0.269069
-0.351	-0.269012
-0.35	-0.26895
-0.349	-0.268881
-0.348	-0.268806
-0.347	-0.268724
-0.346	-0.268636
-0.345	-0.268542
-0.344	-0.268442
-0.343	-0.268335
-0.342	-0.268222
-0.341	-0.268102
-0.34	-0.267976
-0.339	-0.267844
-0.338	-0.267705
-0.337	-0.26756
-0.336	-0.267409
-0.335	-0.267251
-0.334	-0.267087
-0.333	-0.266917
-0.332	-0.26674
-0.331	-0.266557
-0.33	-0.266368
-0.329	-0.266172
-0.328	-0.26597
-0.327	-0.265761
-0.326	-0.265547
-0.325	-0.265326
-0.324	-0.265098
-0.323	-0.264864
-0.322	-0.264624
-0.321	-0.264378
-0.32	-0.264125
-0.319	-0.263867
-0.318	-0.263601
-0.317	-0.26333
-0.316	-0.263052
-0.315	-0.262768
-0.314	-0.262478
-0.313	-0.262182
-0.312	-0.261879
-0.311	-0.26157
-0.31	-0.261255
-0.309	-0.260934
-0.308	-0.260607
-0.307	-0.260273
-0.306	-0.259933
-0.305	-0.259588
-0.304	-0.259236
-0.303	-0.258878
-0.302	-0.258514
-0.301	-0.258144
-0.3	-0.257768
-0.299	-0.257385
-0.298	-0.256997
-0.297	-0.256603
-0.296	-0.256203
-0.295	-0.255797
-0.294	-0.255385
-0.293	-0.254967
-0.292	-0.254543
-0.291	-0.254113
-0.29	-0.253678
-0.289	-0.253236
-0.288	-0.252789
-0.287	-0.252336
-0.286	-0.251878
-0.285	-0.251413
-0.284	-0.250943
-0.283	-0.250467
-0.282	-0.249985
-0.281	-0.249498
-0.28	-0.249005
-0.279	-0.248507
-0.278	-0.248003
-0.277	-0.247493
-0.276	-0.246978
-0.275	-0.246458
-0.274	-0.245932
-0.273	-0.2454
-0.272	-0.244863
-0.271	-0.244321
-0.27	-0.243773
-0.269	-0.24322
-0.268	-0.242662
-0.267	-0.242098
-0.266	-0.241529
-0.265	-0.240955
-0.264	-0.240376
-0.263	-0.239792
-0.262	-0.239202
-0.261	-0.238607
-0.26	-0.238008
-0.259	-0.237403
-0.258	-0.236793
-0.257	-0.236178
-0.256	-0.235559
-0.255	-0.234934
-0.254	-0.234305
-0.253	-0.23367
-0.252	-0.233031
-0.251	-0.232387
-0.25	-0.231738
-0.249	-0.231085
-0.248	-0.230427
-0.247	-0.229764
-0.246	-0.229096
-0.245	-0.228424
-0.244	-0.227748
-0.243	-0.227067
-0.242	-0.226381
-0.241	-0.225691
-0.24	-0.224996
-0.239	-0.224297
-0.238	-0.223594
-0.237	-0.222887
-0.236	-0.222175
-0.235	-0.221459
-0.234	-0.220738
-0.233	-0.220014
-0.232	-0.219285
-0.231	-0.218552
-0.23	-0.217815
-0.229	-0.217074
-0.228	-0.216329
-0.227	-0.21558
-0.226	-0.214827
-0.225	-0.214071
-0.224	-0.21331
-0.223	-0.212546
-0.222	-0.211777
-0.221	-0.211005
-0.22	-0.210229
-0.219	-0.20945
-0.218	-0.208667
-0.217	-0.20788
-0.216	-0.20709
-0.215	-0.206296
-0.214	-0.205498
-0.213	-0.204697
-0.212	-0.203893
-0.211	-0.203085
-0.21	-0.202274
-0.209	-0.20146
-0.208	-0.200642
-0.207	-0.199821
-0.206	-0.198997
-0.205	-0.198169
-0.204	-0.197339
-0.203	-0.196505
-0.202	-0.195668
-0.201	-0.194828
-0.2	-0.193985
-0.199	-0.193139
-0.198	-0.19229
-0.197	-0.191439
-0.196	-0.190584
-0.195	-0.189726
-0.194	-0.188866
-0.193	-0.188003
-0.192	-0.187137
-0.191	-0.186269
-0.19	-0.185398
-0.189	-0.184524
-0.188	-0.183647
-0.187	-0.182768
-0.186	-0.181887
-0.185	-0.181003
-0.184	-0.180116
-0.183	-0.179227
-0.182	-0.178336
-0.181	-0.177442
-0.18	-0.176546
-0.179	-0.175648
-0.178	-0.174747
-0.177	-0.173844
-0.176	-0.172939
-0.175	-0.172032
-0.174	-0.171123
-0.173	-0.170211
-0.172	-0.169298
-0.171	-0.168382
-0.17	-0.167464
-0.169	-0.166545
-0.168	-0.165623
-0.167	-0.1647
-0.166	-0.163774
-0.165	-0.162847
-0.164	-0.161918
-0.163	-0.160987
-0.162	-0.160055
-0.161	-0.15912
-0.16	-0.158184
-0.159	-0.157247
-0.158	-0.156307
-0.157	-0.155366
-0.156	-0.154424
-0.155	-0.153479
-0.154	-0.152534
-0.153	-0.151586
-0.152	-0.150638
-0.151	-0.149688
-0.15	-0.148736
-0.149	-0.147783
-0.148	-0.146829
-0.147	-0.145873
-0.146	-0.144916
-0.145	-0.143958
-0.144	-0.142998
-0.143	-0.142037
-0.142	-0.141075
-0.141	-0.140112
-0.14	-0.139148
-0.139	-0.138182
-0.138	-0.137216
-0.137	-0.136248
-0.136	-0.135279
-0.135	-0.134309
-0.134	-0.133339
-0.133	-0.132367
-0.132	-0.131394
-0.131	-0.13042
-0.13	-0.129446
-0.129	-0.12847
-0.128	-0.127493
-0.127	-0.126516
-0.126	-0.125538
-0.125	-0.124559
-0.124	-0.123579
-0.123	-0.122598
-0.122	-0.121617
-0.121	-0.120635
-0.12	-0.119652
-0.119	-0.118669
-0.118	-0.117684
-0.117	-0.1167
-0.116	-0.115714
-0.115	-0.114728
-0.114	-0.113741
-0.113	-0.112754
-0.112	-0.111766
-0.111	-0.110778
-0.11	-0.109789
-0.109	-0.108799
-0.108	-0.107809
-0.107	-0.106819
-0.106	-0.105828
-0.105	-0.104836
-0.104	-0.103844
-0.103	-0.102852
-0.102	-0.101859
-0.101	-0.100866
-0.1	-0.0998728
-0.099	-0.0988789
-0.098	-0.0978847
-0.097	-0.0968901
-0.096	-0.0958953
-0.095	-0.0949001
-0.094	-0.0939046
-0.093	-0.0929088
-0.092	-0.0919127
-0.091	-0.0909164
-0.09	-0.0899198
-0.089	-0.088923
-0.088	-0.087926
-0.087	-0.0869287
-0.086	-0.0859312
-0.085	-0.0849335
-0.084	-0.0839357
-0.083	-0.0829376
-0.082	-0.0819394
-0.081	-0.080941
-0.08	-0.0799425
-0.079	-0.0789438
-0.078	-0.077945
-0.077	-0.0769461
-0.076	-0.075947
-0.075	-0.0749479
-0.074	-0.0739486
-0.073	-0.0729493
-0.072	-0.0719499
-0.071	-0.0709503
-0.07	-0.0699508
-0.069	-0.0689511
-0.068	-0.0679514
-0.067	-0.0669516
-0.066	-0.0659518
-0.065	-0.064952
-0.064	-0.0639521
-0.063	-0.0629522
-0.062	-0.0619522
-0.061	-0.0609523
-0.06	-0.0599523
-0.059	-0.0589523
-0.058	-0.0579523
-0.057	-0.0569523
-0.056	-0.0559523
-0.055	-0.0549523
-0.054	-0.0539523
-0.053	-0.0529523
-0.052	-0.0519523
-0.051	-0.0509524
-0.05	-0.0499524
-0.049	-0.0489525
-0.048	-0.0479526
-0.047	-0.0469528
-0.046	-0.045953
-0.045	-0.0449532
-0.044	-0.0439534
-0.043	-0.0429537
-0.042	-0.041954
-0.041	-0.0409543
-0.04	-0.0399547
-0.039	-0.0389551
-0.038	-0.0379556
-0.037	-0.0369561
-0.036	-0.0359566
-0.035	-0.0349572
-0.034	-0.0339578
-0.033	-0.0329585
-0.032	-0.0319592
-0.031	-0.03096
-0.03	-0.0299608
-0.029	-0.0289616
-0.028	-0.0279625
-0.027	-0.0269634
-0.026	-0.0259644
-0.025	-0.0249654
-0.024	-0.0239664
-0.023	-0.0229675
-0.022	-0.0219686
-0.021	-0.0209698
-0.02	-0.019971
-0.019	-0.0189722
-0.018	-0.0179735
-0.017	-0.0169748
-0.016	-0.0159761
-0.015	-0.0149774
-0.014	-0.0139788
-0.013	-0.0129802
-0.012	-0.0119816
-0.011	-0.0109831
-0.01	-0.00998456
-0.009	-0.00898605
-0.008	-0.00798756
-0.007	-0.00698908
-0.006	-0.00599061
-0.005	-0.00499216
-0.004	-0.00399372
-0.003	-0.00299528
-0.002	-0.00199685
-0.001	-0.000998424
8.8124e-16	9.85323e-16
0.001	0.000998424
0.002	0.00199685
0.003	0.00299528
0.004	0.00399372
0.005	0.00499216
0.006	0.00599061
0.007	0.00698908
0.008	0.00798756
0.009	0.00898605
0.01	0.00998456
0.011	0.0109831
0.012	0.0119816
0.013	0.0129802
0.014	0.0139788
0.015	0.0149774
0.016	0.0159761
0.017	0.0169748
0.018	0.0179735
0.019	0.0189722
0.02	0.019971
0.021	0.0209698
0.022	0.0219686
0.023	0.0229675
0.024	0.0239664
0.025	0.0249654
0.026	0.0259644
0.027	0.0269634
0.028	0.0279625
0.029	0.0289616
0.03	0.0299608
0.031	0.03096
0.032	0.0319592
0.033	0.0329585
0.034	0.0339578
0.035	0.0349572
0.036	0.0359566
0.037	0.0369561
0.038	0.0379556
0.039	0.0389551
0.04	0.0399547
0.041	0.0409543
0.042	0.041954
0.043	0.0429537
0.044	0.0439534
0.045	0.0449532
0.046	0.045953
0.047	0.0469528
0.048	0.0479526
0.049	0.0489525
0.05	0.0499524
0.051	0.0509524
0.052	0.0519523
0.053	0.0529523
0.054	0.0539523
0.055	0.0549523
0.056	0.0559523
0.057	0.0569523
0.058	0.0579523
0.059	0.0589523
0.06	0.0599523
0.061	0.0609523
0.062	0.0619522
0.063	0.0629522
0.064	0.0639521
0.065	0.064952
0.066	0.0659518
0.067	0.0669516
0.068	0.0679514
0.069	0.0689511
0.07	0.0699508
0.071	0.0709503
0.072	0.0719499
0.073	0.0729493
0.074	0.0739486
0.075	0.0749479
0.076	0.075947
0.077	0.0769461
0.078	0.077945
0.079	0.0789438
0.08	0.0799425
0.081	0.080941
0.082	0.0819394
0.083	0.0829376
0.084	0.0839357
0.085	0.0849335
0.086	0.0859312
0.087	0.0869287
0.088	0.087926
0.089	0.088923
0.09	0.0899198
0.091	0.0909164
0.092	0.0919127
0.093	0.0929088
0.094	0.0939046
0.095	0.0949001
0.096	0.0958953
0.097	0.0968901
0.098	0.0978847
0.099	0.0988789
0.1	0.0998728
0.101	0.100866
0.102	0.101859
0.103	0.102852
0.104	0.103844
0.105	0.104836
0.106	0.105828
0.107	0.106819
0.108	0.107809
0.109	0.108799
0.11	0.109789
0.111	0.110778
0.112	0.111766
0.113	0.112754
0.114	0.113741
0.115	0.114728
0.116	0.115714
0.117	0.1167
0.118	0.117684
0.119	0.118669
0.12	0.119652
0.121	0.120635
0.122	0.121617
0.123	0.122598
0.124	0.123579
0.125	0.124559
0.126	0.125538
0.127	0.126516
0.128	0.127493
0.129	0.12847
0.13	0.129446
0.131	0.13042
0.132	0.131394
0.133	0.132367
0.134	0.133339
0.135	0.134309
0.136	0.135279
0.137	0.136248
0.138	0.137216
0.139	0.138182
0.14	0.139148
0.141	0.140112
0.142	0.141075
0.143	0.142037
0.144	0.142998
0.145	0.143958
0.146	0.144916
0.147	0.145873
0.148	0.146829
0.149	0.147783
0.15	0.148736
0.151	0.149688
0.152	0.150638
0.153	0.151586
0.154	0.152534
0.155	0.153479
0.156	0.154424
0.157	0.155366
0.158	0.156307
0.159	0.157247
0.16	0.158184
0.161	0.15912
0.162	0.160055
0.163	0.160987
0.164	0.161918
0.165	0.162847
0.166	0.163774
0.167	0.1647
0.168	0.165623
0.169	0.166545
0.17	0.167464
0.171	0.168382
0.172	0.169298
0.173	0.170211
0.174	0.171123
0.175	0.172032
0.176	0.172939
0.177	0.173844
0.178	0.174747
0.179	0.175648
0.18	0.176546
0.181	0.177442
0.182	0.178336
0.183	0.179227
0.184	0.180116
0.185	0.181003
0.186	0.181887
0.187	0.182768
0.188	0.183647
0.189	0.184524
0.19	0.185398
0.191	0.186269
0.192	0.187137
0.193	0.188003
0.194	0.188866
0.195	0.189726
0.196	0.190584
0.197	0.191439
0.198	0.19229
0.199	0.193139
0.2	0.193985
0.201	0.194828
0.202	0.195668
0.203	0.196505
0.204	0.197339
0.205	0.198169
0.206	0.198997
0.207	0.199821
0.208	0.200642
0.209	0.20146
0.21	0.202274
0.211	0.203085
0.212	0.203893
0.213	0.204697
0.214	0.205498
0.215	0.206296
0.216	0.20709
0.217	0.20788
0.218	0.208667
0.219	0.20945
0.22	0.210229
0.221	0.211005
0.222	0.211777
0.223	0.212546
0.224	0.21331
0.225	0.214071
0.226	0.214827
0.227	0.21558
0.228	0.216329
0.229	0.217074
0.23	0.217815
0.231	0.218552
0.232	0.219285
0.233	0.220014
0.234	0.220738
0.235	0.221459
0.236	0.222175
0.237	0.222887
0.238	0.223594
0.239	0.224297
0.24	0.224996
0.241	0.225691
0.242	0.226381
0.243	0.227067
0.244	0.227748
0.245	0.228424
0.246	0.229096
0.247	0.229764
0.248	0.230427
0.249	0.231085
0.25	0.231738
0.251	0.232387
0.252	0.233031
0.253	0.23367
0.254	0.234305
0.255	0.234934
0.256	0.235559
0.257	0.236178
0.258	0.236793
0.259	0.237403
0.26	0.238008
0.261	0.238607
0.262	0.239202
0.263	0.239792
0.264	0.240376
0.265	0.240955
0.266	0.241529
0.267	0.242098
0.268	0.242662
0.269	0.24322
0.27	0.243773
0.271	0.244321
0.272	0.244863
0.273	0.2454
0.274	0.245932
0.275	0.246458
0.276	0.246978
0.277	0.247493
0.278	0.248003
0.279	0.248507
0.28	0.249005
0.281	0.249498
0.282	0.249985
0.283	0.250467
0.284	0.250943
0.285	0.251413
0.286	0.251878
0.287	0.252336
0.288	0.252789
0.289	0.253236
0.29	0.253678
0.291	0.254113
0.292	0.254543
0.293	0.254967
0.294	0.255385
0.295	0.255797
0.296	0.256203
0.297	0.256603
0.298	0.256997
0.299	0.257385
0.3	0.257768
0.301	0.258144
0.302	0.258514
0.303	0.258878
0.304	0.259236
0.305	0.259588
0.306	0.259933
0.307	0.260273
0.308	0.260607
0.309	0.260934
0.31	0.261255
0.311	0.26157
0.312	0.261879
0.313	0.262182
0.314	0.262478
0.315	0.262768
0.316	0.263052
0.317	0.26333
0.318	0.263601
0.319	0.263867
0.32	0.264125
0.321	0.264378
0.322	0.264624
0.323	0.264864
0.324	0.265098
0.325	0.265326
0.326	0.265547
0.327	0.265761
0.328	0.26597
0.329	0.266172
0.33	0.266368
0.331	0.266557
0.332	0.26674
0.333	0.266917
0.334	0.267087
0.335	0.267251
0.336	0.267409
0.337	0.26756
0.338	0.267705
0.339	0.267844
0.34	0.267976
0.341	0.268102
0.342	0.268222
0.343	0.268335
0.344	0.268442
0.345	0.268542
0.346	0.268636
0.347	0.268724
0.348	0.268806
0.349	0.268881
0.35	0.26895
0.351	0.269012
0.352	0.269069
0.353	0.269119
0.354	0.269162
0.355	0.2692
0.356	0.269231
0.357	0.269256
0.358	0.269275
0.359	0.269287
0.36	0.269293
0.361	0.269293
0.362	0.269287
0.363	0.269275
0.364	0.269256
0.365	0.269232
0.366	0.269201
0.367	0.269164
0.368	0.269121
0.369	0.269072
0.37	0.269017
0.371	0.268955
0.372	0.268888
0.373	0.268815
0.374	0.268735
0.375	0.26865
0.376	0.268559
0.377	0.268462
0.378	0.268358
0.379	0.268249
0.38	0.268135
0.381	0.268014
0.382	0.267887
0.383	0.267755
0.384	0.267617
0.385	0.267473
0.386	0.267323
0.387	0.267168
0.388	0.267007
0.389	0.26684
0.39	0.266668
0.391	0.26649
0.392	0.266306
0.393	0.266117
0.394	0.265923
0.395	0.265723
0.396	0.265517
0.397	0.265306
0.398	0.26509
0.399	0.264869
0.4	0.264642
0.401	0.264409
0.402	0.264172
0.403	0.263929
0.404	0.263681
0.405	0.263428
0.406	0.26317
0.407	0.262907
0.408	0.262638
0.409	0.262365
0.41	0.262087
0.411	0.261803
0.412	0.261515
0.413	0.261222
0.414	0.260924
0.415	0.260621
0.416	0.260314
0.417	0.260002
0.418	0.259685
0.419	0.259363
0.42	0.259037
0.421	0.258706
0.422	0.258371
0.423	0.258032
0.424	0.257688
0.425	0.257339
0.426	0.256986
0.427	0.256629
0.428	0.256268
0.429	0.255902
0.43	0.255532
0.431	0.255158
0.432	0.25478
0.433	0.254398
0.434	0.254012
0.435	0.253622
0.436	0.253228
0.437	0.25283
0.438	0.252429
0.439	0.252023
0.44	0.251614
0.441	0.251201
0.442	0.250785
0.443	0.250365
0.444	0.249941
0.445	0.249514
0.446	0.249083
0.447	0.248649
0.448	0.248212
0.449	0.247771
0.45	0.247327
0.451	0.24688
0.452	0.24643
0.453	0.245977
0.454	0.24552
0.455	0.245061
0.456	0.244598
0.457	0.244133
0.458	0.243665
0.459	0.243193
0.46	0.24272
0.461	0.242243
0.462	0.241764
0.463	0.241282
0.464	0.240797
0.465	0.24031
0.466	0.239821
0.467	0.239329
0.468	0.238834
0.469	0.238338
0.47	0.237839
0.471	0.237338
0.472	0.236834
0.473	0.236329
0.474	0.235821
0.475	0.235311
0.476	0.2348
0.477	0.234286
0.478	0.23377
0.479	0.233253
0.48	0.232734
0.481	0.232213
0.482	0.23169
0.483	0.231166
0.484	0.23064
0.485	0.230113
0.486	0.229584
0.487	0.229053
0.488	0.228521
0.489	0.227988
0.49	0.227454
0.491	0.226918
0.492	0.226381
0.493	0.225842
0.494	0.225303
0.495	0.224762
0.496	0.224221
0.497	0.223678
0.498	0.223135
0.499	0.22259
0.5	0.222045
0.501	0.221499
0.502	0.220952
0.503	0.220404
0.504	0.219856
0.505	0.219307
0.506	0.218757
0.507	0.218207
0.508	0.217656
0.509	0.217105
0.51	0.216553
0.511	0.216001
0.512	0.215448
0.513	0.214895
0.514	0.214342
0.515	0.213789
0.516	0.213235
0.517	0.212682
0.518	0.212128
0.519	0.211574
0.52	0.21102
0.521	0.210465
0.522	0.209911
0.523	0.209357
0.524	0.208803
0.525	0.208249
0.526	0.207696
0.527	0.207142
0.528	0.206589
0.529	0.206036
0.53	0.205483
0.531	0.20493
0.532	0.204378
0.533	0.203826
0.534	0.203275
0.535	0.202724
0.536	0.202173
0.537	0.201623
0.538	0.201074
0.539	0.200524
0.54	0.199976
0.541	0.199428
0.542	0.198881
0.543	0.198334
0.544	0.197788
0.545	0.197243
0.546	0.196698
0.547	0.196154
0.548	0.195611
0.549	0.195068
0.55	0.194527
0.551	0.193986
0.552	0.193446
0.553	0.192907
0.554	0.192368
0.555	0.191831
0.556	0.191294
0.557	0.190758
0.558	0.190224
0.559	0.18969
0.56	0.189157
0.561	0.188625
0.562	0.188094
0.563	0.187564
0.564	0.187035
0.565	0.186506
0.566	0.185979
0.567	0.185453
0.568	0.184928
0.569	0.184404
0.57	0.183881
0.571	0.183359
0.572	0.182838
0.573	0.182318
0.574	0.1818
0.575	0.181282
0.576	0.180765
0.577	0.180249
0.578	0.179735
0.579	0.179221
0.58	0.178708
0.581	0.178197
0.582	0.177686
0.583	0.177177
0.584	0.176669
0.585	0.176161
0.586	0.175655
0.587	0.17515
0.588	0.174645
0.589	0.174142
0.59	0.17364
0.591	0.173138
0.592	0.172638
0.593	0.172139
0.594	0.17164
0.595	0.171143
0.596	0.170646
0.597	0.170151
0.598	0.169656
0.599	0.169162
0.6	0.16867
0.601	0.168178
0.602	0.167686
0.603	0.167196
0.604	0.166707
0.605	0.166218
0.606	0.16573
0.607	0.165243
0.608	0.164756
0.609	0.164271
0.61	0.163786
0.611	0.163302
0.612	0.162818
0.613	0.162335
0.614	0.161853
0.615	0.161371
0.616	0.16089
0.617	0.160409
0.618	0.159929
0.619	0.159449
0.62	0.15897
0.621	0.158492
0.622	0.158013
0.623	0.157536
0.624	0.157058
0.625	0.156581
0.626	0.156104
0.627	0.155628
0.628	0.155152
0.629	0.154676
0.63	0.1542
0.631	0.153724
0.632	0.153249
0.633	0.152774
0.634	0.152298
0.635	0.151823
0.636	0.151348
0.637	0.150873
0.638	0.150398
0.639	0.149923
0.64	0.149448
0.641	0.148972
0.642	0.148497
0.643	0.148021
0.644	0.147545
0.645	0.147069
0.646	0.146593
0.647	0.146116
0.648	0.145639
0.649	0.145161
0.65	0.144684
0.651	0.144205
0.652	0.143727
0.653	0.143248
0.654	0.142768
0.655	0.142288
0.656	0.141807
0.657	0.141326
0.658	0.140844
0.659	0.140361
0.66	0.139878
0.661	0.139394
0.662	0.138909
0.663	0.138424
0.664	0.137937
0.665	0.13745
0.666	0.136962
0.667	0.136473
0.668	0.135984
0.669	0.135493
0.67	0.135002
0.671	0.134509
0.672	0.134015
0.673	0.133521
0.674	0.133025
0.675	0.132529
0.676	0.132031
0.677	0.131532
0.678	0.131032
0.679	0.130531
0.68	0.130029
0.681	0.129526
0.682	0.129021
0.683	0.128516
0.684	0.128009
0.685	0.127501
0.686	0.126992
0.687	0.126481
0.688	0.125969
0.689	0.125456
0.69	0.124942
0.691	0.124427
0.692	0.12391
0.693	0.123392
0.694	0.122873
0.695	0.122352
0.696	0.12183
0.697	0.121307
0.698	0.120783
0.699	0.120257
0.7	0.11973
0.701	0.119202
0.702	0.118673
0.703	0.118143
0.704	0.117611
0.705	0.117078
0.706	0.116544
0.707	0.116009
0.708	0.115472
0.709	0.114935
0.71	0.114396
0.711	0.113857
0.712	0.113316
0.713	0.112775
0.714	0.112232
0.715	0.111688
0.716	0.111144
0.717	0.110598
0.718	0.110052
0.719	0.109505
0.72	0.108957
0.721	0.108409
0.722	0.10786
0.723	0.10731
0.724	0.10676
0.725	0.106209
0.726	0.105657
0.727	0.105106
0.728	0.104554
0.729	0.104001
0.73	0.103449
0.731	0.102896
0.732	0.102343
0.733	0.10179
0.734	0.101238
0.735	0.100685
0.736	0.100132
0.737	0.0995804
0.738	0.0990286
0.739	0.0984774
0.74	0.0979267
0.741	0.0973766
0.742	0.0968273
0.743	0.0962788
0.744	0.0957312
0.745	0.0951847
0.746	0.0946393
0.747	0.0940951
0.748	0.0935523
0.749	0.093011
0.75	0.0924713
0.751	0.0919332
0.752	0.091397
0.753	0.0908627
0.754	0.0903305
0.755	0.0898005
0.756	0.0892728
0.757	0.0887476
0.758	0.0882249
0.759	0.0877051
0.76	0.0871881
0.761	0.0866741
0.762	0.0861633
0.763	0.0856558
0.764	0.0851518
0.765	0.0846514
0.766	0.0841549
0.767	0.0836623
0.768	0.0831738
0.769	0.0826896
0.77	0.0822098
0.771	0.0817347
0.772	0.0812644
0.773	0.0807991
0.774	0.080339
0.775	0.0798842
0.776	0.0794349
0.777	0.0789914
0.778	0.0785538
0.779	0.0781223
0.78	0.0776971
0.781	0.0772785
0.782	0.0768665
0.783	0.0764615
0.784	0.0760636
0.785	0.075673
0.786	0.07529
0.787	0.0749147
0.788	0.0745475
0.789	0.0741884
0.79	0.0738377
0.791	0.0734957
0.792	0.0731626
0.793	0.0728385
0.794	0.0725238
0.795	0.0722186
0.796	0.0719233
0.797	0.071638
0.798	0.0713629
0.799	0.0710983
0.8	0.0708445
0.801	0.0706017
0.802	0.0703701
0.803	0.07015
0.804	0.0699416
0.805	0.0697452
0.806	0.0695611
0.807	0.0693894
0.808	0.0692304
0.809	0.0690844
0.81	0.0689516
0.811	0.0688324
0.812	0.0687268
0.813	0.0686353
0.814	0.068558
0.815	0.0684953
0.816	0.0684473
0.817	0.0684143
0.818	0.0683966
0.819	0.0683945
0.82	0.0684081
0.821	0.0684378
0.822	0.0684838
0.823	0.0685464
0.824	0.0686258
0.825	0.0687222
0.826	0.068836
0.827	0.0689673
0.828	0.0691164
0.829	0.0692836
0.83	0.0694691
0.831	0.0696732
0.832	0.069896
0.833	0.0701379
0.834	0.070399
0.835	0.0706797
0.836	0.07098
0.837	0.0713004
0.838	0.0716409
0.839	0.0720018
0.84	0.0723833
0.841	0.0727857
0.842	0.0732091
0.843	0.0736537
0.844	0.0741198
0.845	0.0746075
0.846	0.075117
0.847	0.0756486
0.848	0.0762023
0.849	0.0767784
0.85	0.077377
0.851	0.0779982
0.852	0.0786424
0.853	0.0793094
0.854	0.0799997
0.855	0.0807131
0.856	0.0814499
0.857	0.0822102
0.858	0.0829941
0.859	0.0838016
0.86	0.0846329
0.861	0.0854881
0.862	0.0863671
0.863	0.0872702
0.864	0.0881972
0.865	0.0891482
0.866	0.0901234
0.867	0.0911226
0.868	0.0921458
0.869	0.0931931
0.87	0.0942645
0.871	0.0953598
0.872	0.0964791
0.873	0.0976222
0.874	0.0987891
0.875	0.0999797
0.876	0.101194
0.877	0.102431
0.878	0.103692
0.879	0.104976
0.88	0.106283
0.881	0.107612
0.882	0.108965
0.883	0.110339
0.884	0.111735
0.885	0.113153
0.886	0.114593
0.887	0.116053
0.888	0.117535
0.889	0.119036
0.89	0.120558
0.891	0.122099
0.892	0.123659
0.893	0.125238
0.894	0.126836
0.895	0.12845
0.896	0.130082
0.897	0.131731
0.898	0.133395
0.899	0.135075
0.9	0.136769
0.901	0.138478
0.902	0.140199
0.903	0.141933
0.904	0.143679
0.905	0.145436
0.906	0.147203
0.907	0.148978
0.908	0.150762
0.909	0.152554
0.91	0.154351
0.911	0.156154
0.912	0.157961
0.913	0.159771
0.914	0.161582
0.915	0.163395
0.916	0.165207
0.917	0.167017
0.918	0.168823
0.919	0.170626
0.92	0.172422
0.921	0.174211
0.922	0.17599
0.923	0.177759
0.924	0.179517
0.925	0.18126
0.926	0.182987
0.927	0.184697
0.928	0.186389
0.929	0.188059
0.93	0.189706
0.931	0.191327
0.932	0.192922
0.933	0.194488
0.934	0.196022
0.935	0.197523
0.936	0.198988
0.937	0.200414
0.938	0.201799
0.939	0.203142
0.94	0.204438
0.941	0.205686
0.942	0.206883
0.943	0.208025
0.944	0.209111
0.945	0.210136
0.946	0.211099
0.947	0.211996
0.948	0.212824
0.949	0.213579
0.95	0.214258
0.951	0.214858
0.952	0.215375
0.953	0.215806
0.954	0.216147
0.955	0.216394
0.956	0.216543
0.957	0.21659
0.958	0.216532
0.959	0.216363
0.96	0.216081
0.961	0.215679
0.962	0.215155
0.963	0.214502
0.964	0.213718
0.965	0.212796
0.966	0.211732
0.967	0.21052
0.968	0.209157
0.969	0.207636
0.97	0.205952
0.971	0.2041
0.972	0.202073
0.973	0.199867
0.974	0.197476
0.975	0.194892
0.976	0.192111
0.977	0.189126
0.978	0.185931
0.979	0.182519
0.98	0.178883
0.981	0.175017
0.982	0.170913
0.983	0.166565
0.984	0.161966
0.985	0.157107
0.986	0.151982
0.987	0.146582
0.988	0.140901
0.989	0.134929
0.99	0.128658
0.991	0.122081
0.992	0.115189
0.993	0.107972
0.994	0.100423
0.995	0.092532
0.996	0.0842898
0.997	0.0756871
0.998	0.0667143
0.999	0.0573616
