-1	-0.0465826
-0.999	-0.0469396
-0.998	-0.0472812
-0.997	-0.0476081
-0.996	-0.047921
-0.995	-0.0482205
-0.994	-0.0485072
-0.993	-0.0487815
-0.992	-0.0490442
-0.991	-0.0492956
-0.99	-0.0495364
-0.989	-0.0497671
-0.988	-0.0499881
-0.987	-0.0502
-0.986	-0.0504032
-0.985	-0.0505981
-0.984	-0.0507852
-0.983	-0.050965
-0.982	-0.0511378
-0.981	-0.051304
-0.98	-0.051464
-0.979	-0.0516183
-0.978	-0.0517671
-0.977	-0.0519109
-0.976	-0.0520499
-0.975	-0.0521845
-0.974	-0.0523151
-0.973	-0.0524418
-0.972	-0.0525651
-0.971	-0.0526852
-0.97	-0.0528024
-0.969	-0.052917
-0.968	-0.0530292
-0.967	-0.0531392
-0.966	-0.0532474
-0.965	-0.0533539
-0.964	-0.0534589
-0.963	-0.0535628
-0.962	-0.0536656
-0.961	-0.0537677
-0.96	-0.0538691
-0.959	-0.05397
-0.958	-0.0540708
-0.957	-0.0541714
-0.956	-0.0542721
-0.955	-0.054373
-0.954	-0.0544742
-0.953	-0.054576
-0.952	-0.0546785
-0.951	-0.0547817
-0.95	-0.0548858
-0.949	-0.0549909
-0.948	-0.0550971
-0.947	-0.0552046
-0.946	-0.0553133
-0.945	-0.0554236
-0.944	-0.0555353
-0.943	-0.0556486
-0.942	-0.0557635
-0.941	-0.0558803
-0.94	-0.0559988
-0.939	-0.0561192
-0.938	-0.0562416
-0.937	-0.0563659
-0.936	-0.0564923
-0.935	-0.0566208
-0.934	-0.0567515
-0.933	-0.0568843
-0.932	-0.0570194
-0.931	-0.0571566
-0.93	-0.0572962
-0.929	-0.0574381
-0.928	-0.0575823
-0.927	-0.0577289
-0.926	-0.0578779
-0.925	-0.0580292
-0.924	-0.058183
-0.923	-0.0583391
-0.922	-0.0584977
-0.921	-0.0586586
-0.92	-0.058822
-0.919	-0.0589879
-0.918	-0.0591561
-0.917	-0.0593268
-0.916	-0.0594998
-0.915	-0.0596753
-0.914	-0.0598531
-0.913	-0.0600334
-0.912	-0.060216
-0.911	-0.0604009
-0.91	-0.0605882
-0.909	-0.0607778
-0.908	-0.0609696
-0.907	-0.0611638
-0.906	-0.0613602
-0.905	-0.0615588
-0.904	-0.0617596
-0.903	-0.0619626
-0.902	-0.0621677
-0.901	-0.0623749
-0.9	-0.0625843
-0.899	-0.0627957
-0.898	-0.0630091
-0.897	-0.0632245
-0.896	-0.0634419
-0.895	-0.0636612
-0.894	-0.0638824
-0.893	-0.0641055
-0.892	-0.0643304
-0.891	-0.0645571
-0.89	-0.0647855
-0.889	-0.0650157
-0.888	-0.0652476
-0.887	-0.0654811
-0.886	-0.0657162
-0.885	-0.065953
-0.884	-0.0661912
-0.883	-0.066431
-0.882	-0.0666723
-0.881	-0.0669149
-0.88	-0.067159
-0.879	-0.0674045
-0.878	-0.0676512
-0.877	-0.0678993
-0.876	-0.0681486
-0.875	-0.0683991
-0.874	-0.0686508
-0.873	-0.0689036
-0.872	-0.0691576
-0.871	-0.0694126
-0.87	-0.0696687
-0.869	-0.0699257
-0.868	-0.0701837
-0.867	-0.0704427
-0.866	-0.0707026
-0.865	-0.0709633
-0.864	-0.0712249
-0.863	-0.0714872
-0.862	-0.0717503
-0.861	-0.0720142
-0.86	-0.0722788
-0.859	-0.072544
-0.858	-0.0728099
-0.857	-0.0730765
-0.856	-0.0733436
-0.855	-0.0736112
-0.854	-0.0738794
-0.853	-0.0741481
-0.852	-0.0744173
-0.851	-0.0746869
-0.85	-0.074957
-0.849	-0.0752274
-0.848	-0.0754983
-0.847	-0.0757695
-0.846	-0.076041
-0.845	-0.0763128
-0.844	-0.0765849
-0.843	-0.0768573
-0.842	-0.0771299
-0.841	-0.0774028
-0.84	-0.0776758
-0.839	-0.0779491
-0.838	-0.0782225
-0.837	-0.0784961
-0.836	-0.0787698
-0.835	-0.0790436
-0.834	-0.0793176
-0.833	-0.0795916
-0.832	-0.0798658
-0.831	-0.08014
-0.83	-0.0804142
-0.829	-0.0806885
-0.828	-0.0809628
-0.827	-0.0812372
-0.826	-0.0815116
-0.825	-0.0817859
-0.824	-0.0820603
-0.823	-0.0823347
-0.822	-0.082609
-0.821	-0.0828834
-0.82	-0.0831577
-0.819	-0.083432
-0.818	-0.0837062
-0.817	-0.0839804
-0.816	-0.0842546
-0.815	-0.0845287
-0.814	-0.0848028
-0.813	-0.0850769
-0.812	-0.0853509
-0.811	-0.0856249
-0.81	-0.0858988
-0.809	-0.0861727
-0.808	-0.0864466
-0.807	-0.0867204
-0.806	-0.0869942
-0.805	-0.087268
-0.804	-0.0875417
-0.803	-0.0878155
-0.802	-0.0880892
-0.801	-0.088363
-0.8	-0.0886367
-0.799	-0.0889105
-0.798	-0.0891843
-0.797	-0.0894581
-0.796	-0.089732
-0.795	-0.0900059
-0.794	-0.0902799
-0.793	-0.090554
-0.792	-0.0908282
-0.791	-0.0911024
-0.79	-0.0913768
-0.789	-0.0916513
-0.788	-0.0919259
-0.787	-0.0922007
-0.786	-0.0924756
-0.785	-0.0927507
-0.784	-0.093026
-0.783	-0.0933016
-0.782	-0.0935773
-0.781	-0.0938533
-0.78	-0.0941296
-0.779	-0.0944061
-0.778	-0.094683
-0.777	-0.0949601
-0.776	-0.0952376
-0.775	-0.0955154
-0.774	-0.0957936
-0.773	-0.0960722
-0.772	-0.0963511
-0.771	-0.0966306
-0.77	-0.0969104
-0.769	-0.0971907
-0.768	-0.0974715
-0.767	-0.0977528
-0.766	-0.0980347
-0.765	-0.0983171
-0.764	-0.0986
-0.763	-0.0988835
-0.762	-0.0991677
-0.761	-0.0994525
-0.76	-0.0997379
-0.759	-0.100024
-0.758	-0.100311
-0.757	-0.100598
-0.756	-0.100887
-0.755	-0.101176
-0.754	-0.101466
-0.753	-0.101756
-0.752	-0.102048
-0.751	-0.10234
-0.75	-0.102634
-0.749	-0.102928
-0.748	-0.103223
-0.747	-0.103519
-0.746	-0.103816
-0.745	-0.104114
-0.744	-0.104413
-0.743	-0.104713
-0.742	-0.105014
-0.741	-0.105317
-0.74	-0.10562
-0.739	-0.105924
-0.738	-0.10623
-0.737	-0.106537
-0.736	-0.106845
-0.735	-0.107154
-0.734	-0.107465
-0.733	-0.107777
-0.732	-0.10809
-0.731	-0.108405
-0.73	-0.108721
-0.729	-0.109038
-0.728	-0.109356
-0.727	-0.109676
-0.726	-0.109998
-0.725	-0.110321
-0.724	-0.110645
-0.723	-0.110971
-0.722	-0.111299
-0.721	-0.111628
-0.72	-0.111958
-0.719	-0.112291
-0.718	-0.112624
-0.717	-0.11296
-0.716	-0.113297
-0.715	-0.113636
-0.714	-0.113976
-0.713	-0.114318
-0.712	-0.114662
-0.711	-0.115008
-0.71	-0.115355
-0.709	-0.115704
-0.708	-0.116055
-0.707	-0.116408
-0.706	-0.116763
-0.705	-0.11712
-0.704	-0.117478
-0.703	-0.117838
-0.702	-0.118201
-0.701	-0.118565
-0.7	-0.118931
-0.699	-0.119299
-0.698	-0.119669
-0.697	-0.120041
-0.696	-0.120415
-0.695	-0.120791
-0.694	-0.121169
-0.693	-0.121549
-0.692	-0.121932
-0.691	-0.122316
-0.69	-0.122702
-0.689	-0.123091
-0.688	-0.123481
-0.687	-0.123874
-0.686	-0.124269
-0.685	-0.124666
-0.684	-0.125065
-0.683	-0.125466
-0.682	-0.12587
-0.681	-0.126276
-0.68	-0.126683
-0.679	-0.127094
-0.678	-0.127506
-0.677	-0.12792
-0.676	-0.128337
-0.675	-0.128756
-0.674	-0.129177
-0.673	-0.129601
-0.672	-0.130026
-0.671	-0.130454
-0.67	-0.130885
-0.669	-0.131317
-0.668	-0.131752
-0.667	-0.132189
-0.666	-0.132628
-0.665	-0.13307
-0.664	-0.133513
-0.663	-0.13396
-0.662	-0.134408
-0.661	-0.134859
-0.66	-0.135312
-0.659	-0.135767
-0.658	-0.136224
-0.657	-0.136684
-0.656	-0.137146
-0.655	-0.137611
-0.654	-0.138077
-0.653	-0.138546
-0.652	-0.139017
-0.651	-0.139491
-0.65	-0.139967
-0.649	-0.140444
-0.648	-0.140925
-0.647	-0.141407
-0.646	-0.141892
-0.645	-0.142379
-0.644	-0.142868
-0.643	-0.143359
-0.642	-0.143853
-0.641	-0.144349
-0.64	-0.144847
-0.639	-0.145347
-0.638	-0.145849
-0.637	-0.146354
-0.636	-0.14686
-0.635	-0.147369
-0.634	-0.14788
-0.633	-0.148393
-0.632	-0.148908
-0.631	-0.149425
-0.63	-0.149945
-0.629	-0.150466
-0.628	-0.15099
-0.627	-0.151515
-0.626	-0.152043
-0.625	-0.152572
-0.624	-0.153104
-0.623	-0.153637
-0.622	-0.154173
-0.621	-0.15471
-0.62	-0.155249
-0.619	-0.155791
-0.618	-0.156334
-0.617	-0.156879
-0.616	-0.157426
-0.615	-0.157974
-0.614	-0.158525
-0.613	-0.159077
-0.612	-0.159631
-0.611	-0.160187
-0.61	-0.160744
-0.609	-0.161304
-0.608	-0.161865
-0.607	-0.162427
-0.606	-0.162992
-0.605	-0.163557
-0.604	-0.164125
-0.603	-0.164694
-0.602	-0.165264
-0.601	-0.165837
-0.6	-0.16641
-0.599	-0.166985
-0.598	-0.167562
-0.597	-0.16814
-0.596	-0.168719
-0.595	-0.1693
-0.594	-0.169882
-0.593	-0.170465
-0.592	-0.171049
-0.591	-0.171635
-0.59	-0.172222
-0.589	-0.172811
-0.588	-0.1734
-0.587	-0.173991
-0.586	-0.174582
-0.585	-0.175175
-0.584	-0.175769
-0.583	-0.176364
-0.582	-0.176959
-0.581	-0.177556
-0.58	-0.178154
-0.579	-0.178752
-0.578	-0.179352
-0.577	-0.179952
-0.576	-0.180553
-0.575	-0.181155
-0.574	-0.181757
-0.573	-0.182361
-0.572	-0.182964
-0.571	-0.183569
-0.57	-0.184174
-0.569	-0.18478
-0.568	-0.185386
-0.567	-0.185992
-0.566	-0.186599
-0.565	-0.187207
-0.564	-0.187815
-0.563	-0.188423
-0.562	-0.189032
-0.561	-0.18964
-0.56	-0.190249
-0.559	-0.190859
-0.558	-0.191468
-0.557	-0.192077
-0.556	-0.192687
-0.555	-0.193297
-0.554	-0.193906
-0.553	-0.194516
-0.552	-0.195126
-0.551	-0.195735
-0.55	-0.196344
-0.549	-0.196953
-0.548	-0.197562
-0.547	-0.198171
-0.546	-0.198779
-0.545	-0.199388
-0.544	-0.199995
-0.543	-0.200602
-0.542	-0.201209
-0.541	-0.201816
-0.54	-0.202421
-0.539	-0.203027
-0.538	-0.203631
-0.537	-0.204235
-0.536	-0.204839
-0.535	-0.205441
-0.534	-0.206043
-0.533	-0.206644
-0.532	-0.207244
-0.531	-0.207843
-0.53	-0.208442
-0.529	-0.209039
-0.528	-0.209635
-0.527	-0.210231
-0.526	-0.210825
-0.525	-0.211418
-0.524	-0.21201
-0.523	-0.212601
-0.522	-0.21319
-0.521	-0.213778
-0.52	-0.214365
-0.519	-0.214951
-0.518	-0.215535
-0.517	-0.216117
-0.516	-0.216699
-0.515	-0.217278
-0.514	-0.217856
-0.513	-0.218433
-0.512	-0.219007
-0.511	-0.219581
-0.51	-0.220152
-0.509	-0.220721
-0.508	-0.221289
-0.507	-0.221855
-0.506	-0.222419
-0.505	-0.222981
-0.504	-0.223541
-0.503	-0.2241
-0.502	-0.224656
-0.501	-0.22521
-0.5	-0.225761
-0.499	-0.226311
-0.498	-0.226859
-0.497	-0.227404
-0.496	-0.227947
-0.495	-0.228487
-0.494	-0.229025
-0.493	-0.229561
-0.492	-0.230095
-0.491	-0.230626
-0.49	-0.231154
-0.489	-0.23168
-0.488	-0.232203
-0.487	-0.232724
-0.486	-0.233241
-0.485	-0.233757
-0.484	-0.234269
-0.483	-0.234779
-0.482	-0.235286
-0.481	-0.23579
-0.48	-0.236291
-0.479	-0.236789
-0.478	-0.237284
-0.477	-0.237776
-0.476	-0.238265
-0.475	-0.238751
-0.474	-0.239234
-0.473	-0.239714
-0.472	-0.240191
-0.471	-0.240664
-0.47	-0.241134
-0.469	-0.241601
-0.468	-0.242064
-0.467	-0.242524
-0.466	-0.242981
-0.465	-0.243434
-0.464	-0.243884
-0.463	-0.244331
-0.462	-0.244773
-0.461	-0.245213
-0.46	-0.245648
-0.459	-0.24608
-0.458	-0.246508
-0.457	-0.246933
-0.456	-0.247354
-0.455	-0.247771
-0.454	-0.248184
-0.453	-0.248594
-0.452	-0.248999
-0.451	-0.249401
-0.45	-0.249799
-0.449	-0.250193
-0.448	-0.250583
-0.447	-0.250969
-0.446	-0.25135
-0.445	-0.251728
-0.444	-0.252102
-0.443	-0.252471
-0.442	-0.252837
-0.441	-0.253198
-0.44	-0.253555
-0.439	-0.253908
-0.438	-0.254256
-0.437	-0.2546
-0.436	-0.25494
-0.435	-0.255276
-0.434	-0.255607
-0.433	-0.255933
-0.432	-0.256256
-0.431	-0.256573
-0.43	-0.256887
-0.429	-0.257196
-0.428	-0.2575
-0.427	-0.2578
-0.426	-0.258095
-0.425	-0.258385
-0.424	-0.258671
-0.423	-0.258953
-0.422	-0.259229
-0.421	-0.259501
-0.42	-0.259768
-0.419	-0.260031
-0.418	-0.260289
-0.417	-0.260542
-0.416	-0.26079
-0.415	-0.261033
-0.414	-0.261271
-0.413	-0.261505
-0.412	-0.261734
-0.411	-0.261958
-0.41	-0.262176
-0.409	-0.26239
-0.408	-0.262599
-0.407	-0.262803
-0.406	-0.263002
-0.405	-0.263196
-0.404	-0.263385
-0.403	-0.263569
-0.402	-0.263748
-0.401	-0.263922
-0.4	-0.264091
-0.399	-0.264254
-0.398	-0.264413
-0.397	-0.264566
-0.396	-0.264714
-0.395	-0.264857
-0.394	-0.264995
-0.393	-0.265127
-0.392	-0.265255
-0.391	-0.265377
-0.39	-0.265494
-0.389	-0.265605
-0.388	-0.265712
-0.387	-0.265813
-0.386	-0.265909
-0.385	-0.265999
-0.384	-0.266084
-0.383	-0.266164
-0.382	-0.266239
-0.381	-0.266308
-0.38	-0.266372
-0.379	-0.266431
-0.378	-0.266484
-0.377	-0.266532
-0.376	-0.266574
-0.375	-0.266611
-0.374	-0.266643
-0.373	-0.266669
-0.372	-0.26669
-0.371	-0.266705
-0.37	-0.266715
-0.369	-0.26672
-0.368	-0.266719
-0.367	-0.266712
-0.366	-0.2667
-0.365	-0.266683
-0.364	-0.266661
-0.363	-0.266632
-0.362	-0.266599
-0.361	-0.26656
-0.36	-0.266515
-0.359	-0.266465
-0.358	-0.26641
-0.357	-0.266349
-0.356	-0.266282
-0.355	-0.26621
-0.354	-0.266133
-0.353	-0.26605
-0.352	-0.265962
-0.351	-0.265868
-0.35	-0.265769
-0.349	-0.265664
-0.348	-0.265554
-0.347	-0.265438
-0.346	-0.265317
-0.345	-0.26519
-0.344	-0.265058
-0.343	-0.26492
-0.342	-0.264777
-0.341	-0.264628
-0.34	-0.264474
-0.339	-0.264315
-0.338	-0.26415
-0.337	-0.263979
-0.336	-0.263803
-0.335	-0.263622
-0.334	-0.263435
-0.333	-0.263243
-0.332	-0.263046
-0.331	-0.262843
-0.33	-0.262634
-0.329	-0.26242
-0.328	-0.262201
-0.327	-0.261976
-0.326	-0.261746
-0.325	-0.261511
-0.324	-0.26127
-0.323	-0.261024
-0.322	-0.260772
-0.321	-0.260515
-0.32	-0.260253
-0.319	-0.259985
-0.318	-0.259712
-0.317	-0.259434
-0.316	-0.25915
-0.315	-0.258862
-0.314	-0.258567
-0.313	-0.258268
-0.312	-0.257963
-0.311	-0.257653
-0.31	-0.257338
-0.309	-0.257018
-0.308	-0.256692
-0.307	-0.256361
-0.306	-0.256025
-0.305	-0.255684
-0.304	-0.255337
-0.303	-0.254986
-0.302	-0.254629
-0.301	-0.254267
-0.3	-0.2539
-0.299	-0.253528
-0.298	-0.25315
-0.297	-0.252768
-0.296	-0.252381
-0.295	-0.251988
-0.294	-0.251591
-0.293	-0.251188
-0.292	-0.250781
-0.291	-0.250368
-0.29	-0.249951
-0.289	-0.249528
-0.288	-0.249101
-0.287	-0.248668
-0.286	-0.248231
-0.285	-0.247789
-0.284	-0.247341
-0.283	-0.246889
-0.282	-0.246433
-0.281	-0.245971
-0.28	-0.245504
-0.279	-0.245033
-0.278	-0.244557
-0.277	-0.244076
-0.276	-0.24359
-0.275	-0.2431
-0.274	-0.242605
-0.273	-0.242105
-0.272	-0.241601
-0.271	-0.241091
-0.27	-0.240578
-0.269	-0.240059
-0.268	-0.239536
-0.267	-0.239009
-0.266	-0.238476
-0.265	-0.23794
-0.264	-0.237398
-0.263	-0.236853
-0.262	-0.236302
-0.261	-0.235748
-0.26	-0.235188
-0.259	-0.234625
-0.258	-0.234057
-0.257	-0.233484
-0.256	-0.232907
-0.255	-0.232326
-0.254	-0.231741
-0.253	-0.231151
-0.252	-0.230557
-0.251	-0.229958
-0.25	-0.229356
-0.249	-0.228749
-0.248	-0.228138
-0.247	-0.227522
-0.246	-0.226903
-0.245	-0.226279
-0.244	-0.225651
-0.243	-0.22502
-0.242	-0.224384
-0.241	-0.223744
-0.24	-0.2231
-0.239	-0.222452
-0.238	-0.2218
-0.237	-0.221143
-0.236	-0.220484
-0.235	-0.21982
-0.234	-0.219152
-0.233	-0.21848
-0.232	-0.217804
-0.231	-0.217125
-0.23	-0.216442
-0.229	-0.215755
-0.228	-0.215064
-0.227	-0.214369
-0.226	-0.213671
-0.225	-0.212969
-0.224	-0.212263
-0.223	-0.211554
-0.222	-0.210841
-0.221	-0.210124
-0.22	-0.209404
-0.219	-0.20868
-0.218	-0.207953
-0.217	-0.207222
-0.216	-0.206488
-0.215	-0.20575
-0.214	-0.205008
-0.213	-0.204264
-0.212	-0.203516
-0.211	-0.202764
-0.21	-0.202009
-0.209	-0.201251
-0.208	-0.200489
-0.207	-0.199724
-0.206	-0.198956
-0.205	-0.198184
-0.204	-0.19741
-0.203	-0.196632
-0.202	-0.19585
-0.201	-0.195066
-0.2	-0.194279
-0.199	-0.193488
-0.198	-0.192694
-0.197	-0.191898
-0.196	-0.191098
-0.195	-0.190295
-0.194	-0.189489
-0.193	-0.18868
-0.192	-0.187869
-0.191	-0.187054
-0.19	-0.186236
-0.189	-0.185416
-0.188	-0.184592
-0.187	-0.183766
-0.186	-0.182937
-0.185	-0.182105
-0.184	-0.18127
-0.183	-0.180433
-0.182	-0.179592
-0.181	-0.178749
-0.18	-0.177904
-0.179	-0.177055
-0.178	-0.176204
-0.177	-0.175351
-0.176	-0.174494
-0.175	-0.173636
-0.174	-0.172774
-0.173	-0.17191
-0.172	-0.171044
-0.171	-0.170175
-0.17	-0.169303
-0.169	-0.168429
-0.168	-0.167553
-0.167	-0.166674
-0.166	-0.165793
-0.165	-0.16491
-0.164	-0.164024
-0.163	-0.163136
-0.162	-0.162245
-0.161	-0.161352
-0.16	-0.160457
-0.159	-0.15956
-0.158	-0.15866
-0.157	-0.157758
-0.156	-0.156854
-0.155	-0.155948
-0.154	-0.15504
-0.153	-0.154129
-0.152	-0.153217
-0.151	-0.152302
-0.15	-0.151385
-0.149	-0.150467
-0.148	-0.149546
-0.147	-0.148623
-0.146	-0.147698
-0.145	-0.146772
-0.144	-0.145843
-0.143	-0.144912
-0.142	-0.14398
-0.141	-0.143045
-0.14	-0.142109
-0.139	-0.141171
-0.138	-0.140231
-0.137	-0.139289
-0.136	-0.138346
-0.135	-0.1374
-0.134	-0.136453
-0.133	-0.135504
-0.132	-0.134554
-0.131	-0.133601
-0.13	-0.132647
-0.129	-0.131692
-0.128	-0.130734
-0.127	-0.129776
-0.126	-0.128815
-0.125	-0.127853
-0.124	-0.126889
-0.123	-0.125924
-0.122	-0.124957
-0.121	-0.123989
-0.12	-0.123019
-0.119	-0.122048
-0.118	-0.121075
-0.117	-0.120101
-0.116	-0.119125
-0.115	-0.118148
-0.114	-0.117169
-0.113	-0.116189
-0.112	-0.115208
-0.111	-0.114225
-0.11	-0.113242
-0.109	-0.112256
-0.108	-0.11127
-0.107	-0.110282
-0.106	-0.109293
-0.105	-0.108302
-0.104	-0.107311
-0.103	-0.106318
-0.102	-0.105324
-0.101	-0.104328
-0.1	-0.103332
-0.099	-0.102334
-0.098	-0.101335
-0.097	-0.100335
-0.096	-0.0993344
-0.095	-0.0983322
-0.094	-0.097329
-0.093	-0.0963247
-0.092	-0.0953193
-0.091	-0.0943129
-0.09	-0.0933054
-0.089	-0.092297
-0.088	-0.0912875
-0.087	-0.0902771
-0.086	-0.0892656
-0.085	-0.0882532
-0.084	-0.0872399
-0.083	-0.0862256
-0.082	-0.0852105
-0.081	-0.0841944
-0.08	-0.0831774
-0.079	-0.0821595
-0.078	-0.0811408
-0.077	-0.0801212
-0.076	-0.0791008
-0.075	-0.0780796
-0.074	-0.0770575
-0.073	-0.0760347
-0.072	-0.0750111
-0.071	-0.0739867
-0.07	-0.0729615
-0.069	-0.0719356
-0.068	-0.070909
-0.067	-0.0698816
-0.066	-0.0688535
-0.065	-0.0678248
-0.064	-0.0667953
-0.063	-0.0657652
-0.062	-0.0647344
-0.061	-0.0637029
-0.06	-0.0626709
-0.059	-0.0616382
-0.058	-0.0606049
-0.057	-0.059571
-0.056	-0.0585365
-0.055	-0.0575014
-0.054	-0.0564657
-0.053	-0.0554295
-0.052	-0.0543928
-0.051	-0.0533555
-0.05	-0.0523177
-0.049	-0.0512794
-0.048	-0.0502406
-0.047	-0.0492013
-0.046	-0.0481616
-0.045	-0.0471214
-0.044	-0.0460807
-0.043	-0.0450395
-0.042	-0.043998
-0.041	-0.042956
-0.04	-0.0419136
-0.039	-0.0408709
-0.038	-0.0398277
-0.037	-0.0387841
-0.036	-0.0377402
-0.035	-0.0366959
-0.034	-0.0356513
-0.033	-0.0346063
-0.032	-0.0335611
-0.031	-0.0325155
-0.03	-0.0314695
-0.029	-0.0304233
-0.028	-0.0293769
-0.027	-0.0283301
-0.026	-0.0272831
-0.025	-0.0262358
-0.024	-0.0251883
-0.023	-0.0241405
-0.022	-0.0230925
-0.021	-0.0220443
-0.02	-0.0209959
-0.019	-0.0199473
-0.018	-0.0188985
-0.017	-0.0178496
-0.016	-0.0168004
-0.015	-0.0157512
-0.014	-0.0147017
-0.013	-0.0136522
-0.012	-0.0126025
-0.011	-0.0115527
-0.01	-0.0105028
-0.009	-0.00945279
-0.008	-0.0084027
-0.007	-0.00735253
-0.006	-0.00630229
-0.005	-0.005252
-0.004	-0.00420166
-0.003	-0.00315128
-0.002	-0.00210087
-0.001	-0.00105044
8.8124e-16	6.14786e-15
0.001	0.00105044
0.002	0.00210087
0.003	0.00315128
0.004	0.00420166
0.005	0.005252
0.006	0.00630229
0.007	0.00735253
0.008	0.0084027
0.009	0.00945279
0.01	0.0105028
0.011	0.0115527
0.012	0.0126025
0.013	0.0136522
0.014	0.0147017
0.015	0.0157512
0.016	0.0168004
0.017	0.0178496
0.018	0.0188985
0.019	0.0199473
0.02	0.0209959
0.021	0.0220443
0.022	0.0230925
0.023	0.0241405
0.024	0.0251883
0.025	0.0262358
0.026	0.0272831
0.027	0.0283301
0.028	0.0293769
0.029	0.0304233
0.03	0.0314695
0.031	0.0325155
0.032	0.0335611
0.033	0.0346063
0.034	0.0356513
0.035	0.0366959
0.036	0.0377402
0.037	0.0387841
0.038	0.0398277
0.039	0.0408709
0.04	0.0419136
0.041	0.042956
0.042	0.043998
0.043	0.0450395
0.044	0.0460807
0.045	0.0471214
0.046	0.0481616
0.047	0.0492013
0.048	0.0502406
0.049	0.0512794
0.05	0.0523177
0.051	0.0533555
0.052	0.0543928
0.053	0.0554295
0.054	0.0564657
0.055	0.0575014
0.056	0.0585365
0.057	0.059571
0.058	0.0606049
0.059	0.0616382
0.06	0.0626709
0.061	0.0637029
0.062	0.0647344
0.063	0.0657652
0.064	0.0667953
0.065	0.0678248
0.066	0.0688535
0.067	0.0698816
0.068	0.070909
0.069	0.0719356
0.07	0.0729615
0.071	0.0739867
0.072	0.0750111
0.073	0.0760347
0.074	0.0770575
0.075	0.0780796
0.076	0.0791008
0.077	0.0801212
0.078	0.0811408
0.079	0.0821595
0.08	0.0831774
0.081	0.0841944
0.082	0.0852105
0.083	0.0862256
0.084	0.0872399
0.085	0.0882532
0.086	0.0892656
0.087	0.0902771
0.088	0.0912875
0.089	0.092297
0.09	0.0933054
0.091	0.0943129
0.092	0.0953193
0.093	0.0963247
0.094	0.097329
0.095	0.0983322
0.096	0.0993344
0.097	0.100335
0.098	0.101335
0.099	0.102334
0.1	0.103332
0.101	0.104328
0.102	0.105324
0.103	0.106318
0.104	0.107311
0.105	0.108302
0.106	0.109293
0.107	0.110282
0.108	0.11127
0.109	0.112256
0.11	0.113242
0.111	0.114225
0.112	0.115208
0.113	0.116189
0.114	0.117169
0.115	0.118148
0.116	0.119125
0.117	0.120101
0.118	0.121075
0.119	0.122048
0.12	0.123019
0.121	0.123989
0.122	0.124957
0.123	0.125924
0.124	0.126889
0.125	0.127853
0.126	0.128815
0.127	0.129776
0.128	0.130734
0.129	0.131692
0.13	0.132647
0.131	0.133601
0.132	0.134554
0.133	0.135504
0.134	0.136453
0.135	0.1374
0.136	0.138346
0.137	0.139289
0.138	0.140231
0.139	0.141171
0.14	0.142109
0.141	0.143045
0.142	0.14398
0.143	0.144912
0.144	0.145843
0.145	0.146772
0.146	0.147698
0.147	0.148623
0.148	0.149546
0.149	0.150467
0.15	0.151385
0.151	0.152302
0.152	0.153217
0.153	0.154129
0.154	0.15504
0.155	0.155948
0.156	0.156854
0.157	0.157758
0.158	0.15866
0.159	0.15956
0.16	0.160457
0.161	0.161352
0.162	0.162245
0.163	0.163136
0.164	0.164024
0.165	0.16491
0.166	0.165793
0.167	0.166674
0.168	0.167553
0.169	0.168429
0.17	0.169303
0.171	0.170175
0.172	0.171044
0.173	0.17191
0.174	0.172774
0.175	0.173636
0.176	0.174494
0.177	0.175351
0.178	0.176204
0.179	0.177055
0.18	0.177904
0.181	0.178749
0.182	0.179592
0.183	0.180433
0.184	0.18127
0.185	0.182105
0.186	0.182937
0.187	0.183766
0.188	0.184592
0.189	0.185416
0.19	0.186236
0.191	0.187054
0.192	0.187869
0.193	0.18868
0.194	0.189489
0.195	0.190295
0.196	0.191098
0.197	0.191898
0.198	0.192694
0.199	0.193488
0.2	0.194279
0.201	0.195066
0.202	0.19585
0.203	0.196632
0.204	0.19741
0.205	0.198184
0.206	0.198956
0.207	0.199724
0.208	0.200489
0.209	0.201251
0.21	0.202009
0.211	0.202764
0.212	0.203516
0.213	0.204264
0.214	0.205008
0.215	0.20575
0.216	0.206488
0.217	0.207222
0.218	0.207953
0.219	0.20868
0.22	0.209404
0.221	0.210124
0.222	0.210841
0.223	0.211554
0.224	0.212263
0.225	0.212969
0.226	0.213671
0.227	0.214369
0.228	0.215064
0.229	0.215755
0.23	0.216442
0.231	0.217125
0.232	0.217804
0.233	0.21848
0.234	0.219152
0.235	0.21982
0.236	0.220484
0.237	0.221143
0.238	0.2218
0.239	0.222452
0.24	0.2231
0.241	0.223744
0.242	0.224384
0.243	0.22502
0.244	0.225651
0.245	0.226279
0.246	0.226903
0.247	0.227522
0.248	0.228138
0.249	0.228749
0.25	0.229356
0.251	0.229958
0.252	0.230557
0.253	0.231151
0.254	0.231741
0.255	0.232326
0.256	0.232907
0.257	0.233484
0.258	0.234057
0.259	0.234625
0.26	0.235188
0.261	0.235748
0.262	0.236302
0.263	0.236853
0.264	0.237398
0.265	0.23794
0.266	0.238476
0.267	0.239009
0.268	0.239536
0.269	0.240059
0.27	0.240578
0.271	0.241091
0.272	0.241601
0.273	0.242105
0.274	0.242605
0.275	0.2431
0.276	0.24359
0.277	0.244076
0.278	0.244557
0.279	0.245033
0.28	0.245504
0.281	0.245971
0.282	0.246433
0.283	0.246889
0.284	0.247341
0.285	0.247789
0.286	0.248231
0.287	0.248668
0.288	0.249101
0.289	0.249528
0.29	0.249951
0.291	0.250368
0.292	0.250781
0.293	0.251188
0.294	0.251591
0.295	0.251988
0.296	0.252381
0.297	0.252768
0.298	0.25315
0.299	0.253528
0.3	0.2539
0.301	0.254267
0.302	0.254629
0.303	0.254986
0.304	0.255337
0.305	0.255684
0.306	0.256025
0.307	0.256361
0.308	0.256692
0.309	0.257018
0.31	0.257338
0.311	0.257653
0.312	0.257963
0.313	0.258268
0.314	0.258567
0.315	0.258862
0.316	0.25915
0.317	0.259434
0.318	0.259712
0.319	0.259985
0.32	0.260253
0.321	0.260515
0.322	0.260772
0.323	0.261024
0.324	0.26127
0.325	0.261511
0.326	0.261746
0.327	0.261976
0.328	0.262201
0.329	0.26242
0.33	0.262634
0.331	0.262843
0.332	0.263046
0.333	0.263243
0.334	0.263435
0.335	0.263622
0.336	0.263803
0.337	0.263979
0.338	0.26415
0.339	0.264315
0.34	0.264474
0.341	0.264628
0.342	0.264777
0.343	0.26492
0.344	0.265058
0.345	0.26519
0.346	0.265317
0.347	0.265438
0.348	0.265554
0.349	0.265664
0.35	0.265769
0.351	0.265868
0.352	0.265962
0.353	0.26605
0.354	0.266133
0.355	0.26621
0.356	0.266282
0.357	0.266349
0.358	0.26641
0.359	0.266465
0.36	0.266515
0.361	0.26656
0.362	0.266599
0.363	0.266632
0.364	0.266661
0.365	0.266683
0.366	0.2667
0.367	0.266712
0.368	0.266719
0.369	0.26672
0.37	0.266715
0.371	0.266705
0.372	0.26669
0.373	0.266669
0.374	0.266643
0.375	0.266611
0.376	0.266574
0.377	0.266532
0.378	0.266484
0.379	0.266431
0.38	0.266372
0.381	0.266308
0.382	0.266239
0.383	0.266164
0.384	0.266084
0.385	0.265999
0.386	0.265909
0.387	0.265813
0.388	0.265712
0.389	0.265605
0.39	0.265494
0.391	0.265377
0.392	0.265255
0.393	0.265127
0.394	0.264995
0.395	0.264857
0.396	0.264714
0.397	0.264566
0.398	0.264413
0.399	0.264254
0.4	0.264091
0.401	0.263922
0.402	0.263748
0.403	0.263569
0.404	0.263385
0.405	0.263196
0.406	0.263002
0.407	0.262803
0.408	0.262599
0.409	0.26239
0.41	0.262176
0.411	0.261958
0.412	0.261734
0.413	0.261505
0.414	0.261271
0.415	0.261033
0.416	0.26079
0.417	0.260542
0.418	0.260289
0.419	0.260031
0.42	0.259768
0.421	0.259501
0.422	0.259229
0.423	0.258953
0.424	0.258671
0.425	0.258385
0.426	0.258095
0.427	0.2578
0.428	0.2575
0.429	0.257196
0.43	0.256887
0.431	0.256573
0.432	0.256256
0.433	0.255933
0.434	0.255607
0.435	0.255276
0.436	0.25494
0.437	0.2546
0.438	0.254256
0.439	0.253908
0.44	0.253555
0.441	0.253198
0.442	0.252837
0.443	0.252471
0.444	0.252102
0.445	0.251728
0.446	0.25135
0.447	0.250969
0.448	0.250583
0.449	0.250193
0.45	0.249799
0.451	0.249401
0.452	0.248999
0.453	0.248594
0.454	0.248184
0.455	0.247771
0.456	0.247354
0.457	0.246933
0.458	0.246508
0.459	0.24608
0.46	0.245648
0.461	0.245213
0.462	0.244773
0.463	0.244331
0.464	0.243884
0.465	0.243434
0.466	0.242981
0.467	0.242524
0.468	0.242064
0.469	0.241601
0.47	0.241134
0.471	0.240664
0.472	0.240191
0.473	0.239714
0.474	0.239234
0.475	0.238751
0.476	0.238265
0.477	0.237776
0.478	0.237284
0.479	0.236789
0.48	0.236291
0.481	0.23579
0.482	0.235286
0.483	0.234779
0.484	0.234269
0.485	0.233757
0.486	0.233241
0.487	0.232724
0.488	0.232203
0.489	0.23168
0.49	0.231154
0.491	0.230626
0.492	0.230095
0.493	0.229561
0.494	0.229025
0.495	0.228487
0.496	0.227947
0.497	0.227404
0.498	0.226859
0.499	0.226311
0.5	0.225761
0.501	0.22521
0.502	0.224656
0.503	0.2241
0.504	0.223541
0.505	0.222981
0.506	0.222419
0.507	0.221855
0.508	0.221289
0.509	0.220721
0.51	0.220152
0.511	0.219581
0.512	0.219007
0.513	0.218433
0.514	0.217856
0.515	0.217278
0.516	0.216699
0.517	0.216117
0.518	0.215535
0.519	0.214951
0.52	0.214365
0.521	0.213778
0.522	0.21319
0.523	0.212601
0.524	0.21201
0.525	0.211418
0.526	0.210825
0.527	0.210231
0.528	0.209635
0.529	0.209039
0.53	0.208442
0.531	0.207843
0.532	0.207244
0.533	0.206644
0.534	0.206043
0.535	0.205441
0.536	0.204839
0.537	0.204235
0.538	0.203631
0.539	0.203027
0.54	0.202421
0.541	0.201816
0.542	0.201209
0.543	0.200602
0.544	0.199995
0.545	0.199388
0.546	0.198779
0.547	0.198171
0.548	0.197562
0.549	0.196953
0.55	0.196344
0.551	0.195735
0.552	0.195126
0.553	0.194516
0.554	0.193906
0.555	0.193297
0.556	0.192687
0.557	0.192077
0.558	0.191468
0.559	0.190859
0.56	0.190249
0.561	0.18964
0.562	0.189032
0.563	0.188423
0.564	0.187815
0.565	0.187207
0.566	0.186599
0.567	0.185992
0.568	0.185386
0.569	0.18478
0.57	0.184174
0.571	0.183569
0.572	0.182964
0.573	0.182361
0.574	0.181757
0.575	0.181155
0.576	0.180553
0.577	0.179952
0.578	0.179352
0.579	0.178752
0.58	0.178154
0.581	0.177556
0.582	0.176959
0.583	0.176364
0.584	0.175769
0.585	0.175175
0.586	0.174582
0.587	0.173991
0.588	0.1734
0.589	0.172811
0.59	0.172222
0.591	0.171635
0.592	0.171049
0.593	0.170465
0.594	0.169882
0.595	0.1693
0.596	0.168719
0.597	0.16814
0.598	0.167562
0.599	0.166985
0.6	0.16641
0.601	0.165837
0.602	0.165264
0.603	0.164694
0.604	0.164125
0.605	0.163557
0.606	0.162992
0.607	0.162427
0.608	0.161865
0.609	0.161304
0.61	0.160744
0.611	0.160187
0.612	0.159631
0.613	0.159077
0.614	0.158525
0.615	0.157974
0.616	0.157426
0.617	0.156879
0.618	0.156334
0.619	0.155791
0.62	0.155249
0.621	0.15471
0.622	0.154173
0.623	0.153637
0.624	0.153104
0.625	0.152572
0.626	0.152043
0.627	0.151515
0.628	0.15099
0.629	0.150466
0.63	0.149945
0.631	0.149425
0.632	0.148908
0.633	0.148393
0.634	0.14788
0.635	0.147369
0.636	0.14686
0.637	0.146354
0.638	0.145849
0.639	0.145347
0.64	0.144847
0.641	0.144349
0.642	0.143853
0.643	0.143359
0.644	0.142868
0.645	0.142379
0.646	0.141892
0.647	0.141407
0.648	0.140925
0.649	0.140444
0.65	0.139967
0.651	0.139491
0.652	0.139017
0.653	0.138546
0.654	0.138077
0.655	0.137611
0.656	0.137146
0.657	0.136684
0.658	0.136224
0.659	0.135767
0.66	0.135312
0.661	0.134859
0.662	0.134408
0.663	0.13396
0.664	0.133513
0.665	0.13307
0.666	0.132628
0.667	0.132189
0.668	0.131752
0.669	0.131317
0.67	0.130885
0.671	0.130454
0.672	0.130026
0.673	0.129601
0.674	0.129177
0.675	0.128756
0.676	0.128337
0.677	0.12792
0.678	0.127506
0.679	0.127094
0.68	0.126683
0.681	0.126276
0.682	0.12587
0.683	0.125466
0.684	0.125065
0.685	0.124666
0.686	0.124269
0.687	0.123874
0.688	0.123481
0.689	0.123091
0.69	0.122702
0.691	0.122316
0.692	0.121932
0.693	0.121549
0.694	0.121169
0.695	0.120791
0.696	0.120415
0.697	0.120041
0.698	0.119669
0.699	0.119299
0.7	0.118931
0.701	0.118565
0.702	0.118201
0.703	0.117838
0.704	0.117478
0.705	0.11712
0.706	0.116763
0.707	0.116408
0.708	0.116055
0.709	0.115704
0.71	0.115355
0.711	0.115008
0.712	0.114662
0.713	0.114318
0.714	0.113976
0.715	0.113636
0.716	0.113297
0.717	0.11296
0.718	0.112624
0.719	0.112291
0.72	0.111958
0.721	0.111628
0.722	0.111299
0.723	0.110971
0.724	0.110645
0.725	0.110321
0.726	0.109998
0.727	0.109676
0.728	0.109356
0.729	0.109038
0.73	0.108721
0.731	0.108405
0.732	0.10809
0.733	0.107777
0.734	0.107465
0.735	0.107154
0.736	0.106845
0.737	0.106537
0.738	0.10623
0.739	0.105924
0.74	0.10562
0.741	0.105317
0.742	0.105014
0.743	0.104713
0.744	0.104413
0.745	0.104114
0.746	0.103816
0.747	0.103519
0.748	0.103223
0.749	0.102928
0.75	0.102634
0.751	0.10234
0.752	0.102048
0.753	0.101756
0.754	0.101466
0.755	0.101176
0.756	0.100887
0.757	0.100598
0.758	0.100311
0.759	0.100024
0.76	0.0997379
0.761	0.0994525
0.762	0.0991677
0.763	0.0988835
0.764	0.0986
0.765	0.0983171
0.766	0.0980347
0.767	0.0977528
0.768	0.0974715
0.769	0.0971907
0.77	0.0969104
0.771	0.0966306
0.772	0.0963511
0.773	0.0960722
0.774	0.0957936
0.775	0.0955154
0.776	0.0952376
0.777	0.0949601
0.778	0.094683
0.779	0.0944061
0.78	0.0941296
0.781	0.0938533
0.782	0.0935773
0.783	0.0933016
0.784	0.093026
0.785	0.0927507
0.786	0.0924756
0.787	0.0922007
0.788	0.0919259
0.789	0.0916513
0.79	0.0913768
0.791	0.0911024
0.792	0.0908282
0.793	0.090554
0.794	0.0902799
0.795	0.0900059
0.796	0.089732
0.797	0.0894581
0.798	0.0891843
0.799	0.0889105
0.8	0.0886367
0.801	0.088363
0.802	0.0880892
0.803	0.0878155
0.804	0.0875417
0.805	0.087268
0.806	0.0869942
0.807	0.0867204
0.808	0.0864466
0.809	0.0861727
0.81	0.0858988
0.811	0.0856249
0.812	0.0853509
0.813	0.0850769
0.814	0.0848028
0.815	0.0845287
0.816	0.0842546
0.817	0.0839804
0.818	0.0837062
0.819	0.083432
0.82	0.0831577
0.821	0.0828834
0.822	0.082609
0.823	0.0823347
0.824	0.0820603
0.825	0.0817859
0.826	0.0815116
0.827	0.0812372
0.828	0.0809628
0.829	0.0806885
0.83	0.0804142
0.831	0.08014
0.832	0.0798658
0.833	0.0795916
0.834	0.0793176
0.835	0.0790436
0.836	0.0787698
0.837	0.0784961
0.838	0.0782225
0.839	0.0779491
0.84	0.0776758
0.841	0.0774028
0.842	0.0771299
0.843	0.0768573
0.844	0.0765849
0.845	0.0763128
0.846	0.076041
0.847	0.0757695
0.848	0.0754983
0.849	0.0752274
0.85	0.074957
0.851	0.0746869
0.852	0.0744173
0.853	0.0741481
0.854	0.0738794
0.855	0.0736112
0.856	0.0733436
0.857	0.0730765
0.858	0.0728099
0.859	0.072544
0.86	0.0722788
0.861	0.0720142
0.862	0.0717503
0.863	0.0714872
0.864	0.0712249
0.865	0.0709633
0.866	0.0707026
0.867	0.0704427
0.868	0.0701837
0.869	0.0699257
0.87	0.0696687
0.871	0.0694126
0.872	0.0691576
0.873	0.0689036
0.874	0.0686508
0.875	0.0683991
0.876	0.0681486
0.877	0.0678993
0.878	0.0676512
0.879	0.0674045
0.88	0.067159
0.881	0.0669149
0.882	0.0666723
0.883	0.066431
0.884	0.0661912
0.885	0.065953
0.886	0.0657162
0.887	0.0654811
0.888	0.0652476
0.889	0.0650157
0.89	0.0647855
0.891	0.0645571
0.892	0.0643304
0.893	0.0641055
0.894	0.0638824
0.895	0.0636612
0.896	0.0634419
0.897	0.0632245
0.898	0.0630091
0.899	0.0627957
0.9	0.0625843
0.901	0.0623749
0.902	0.0621677
0.903	0.0619626
0.904	0.0617596
0.905	0.0615588
0.906	0.0613602
0.907	0.0611638
0.908	0.0609696
0.909	0.0607778
0.91	0.0605882
0.911	0.0604009
0.912	0.060216
0.913	0.0600334
0.914	0.0598531
0.915	0.0596753
0.916	0.0594998
0.917	0.0593268
0.918	0.0591561
0.919	0.0589879
0.92	0.058822
0.921	0.0586586
0.922	0.0584977
0.923	0.0583391
0.924	0.058183
0.925	0.0580292
0.926	0.0578779
0.927	0.0577289
0.928	0.0575823
0.929	0.0574381
0.93	0.0572962
0.931	0.0571566
0.932	0.0570194
0.933	0.0568843
0.934	0.0567515
0.935	0.0566208
0.936	0.0564923
0.937	0.0563659
0.938	0.0562416
0.939	0.0561192
0.94	0.0559988
0.941	0.0558803
0.942	0.0557635
0.943	0.0556486
0.944	0.0555353
0.945	0.0554236
0.946	0.0553133
0.947	0.0552046
0.948	0.0550971
0.949	0.0549909
0.95	0.0548858
0.951	0.0547817
0.952	0.0546785
0.953	0.054576
0.954	0.0544742
0.955	0.054373
0.956	0.0542721
0.957	0.0541714
0.958	0.0540708
0.959	0.05397
0.96	0.0538691
0.961	0.0537677
0.962	0.0536656
0.963	0.0535628
0.964	0.0534589
0.965	0.0533539
0.966	0.0532474
0.967	0.0531392
0.968	0.0530292
0.969	0.052917
0.97	0.0528024
0.971	0.0526852
0.972	0.0525651
0.973	0.0524418
0.974	0.0523151
0.975	0.0521845
0.976	0.0520499
0.977	0.0519109
0.978	0.0517671
0.979	0.0516183
0.98	0.051464
0.981	0.051304
0.982	0.0511378
0.983	0.050965
0.984	0.0507852
0.985	0.0505981
0.986	0.0504032
0.987	0.0502
0.988	0.0499881
0.989	0.0497671
0.99	0.0495364
0.991	0.0492956
0.992	0.0490442
0.993	0.0487815
0.994	0.0485072
0.995	0.0482205
0.996	0.047921
0.997	0.0476081
0.998	0.0472812
0.999	0.0469396
