-1	-0.047619
-0.999	-0.0477531
-0.998	-0.0478876
-0.997	-0.0480226
-0.996	-0.048158
-0.995	-0.048294
-0.994	-0.0484304
-0.993	-0.0485673
-0.992	-0.0487047
-0.991	-0.0488426
-0.99	-0.048981
-0.989	-0.0491199
-0.988	-0.0492593
-0.987	-0.0493991
-0.986	-0.0495395
-0.985	-0.0496804
-0.984	-0.0498218
-0.983	-0.0499637
-0.982	-0.0501061
-0.981	-0.050249
-0.98	-0.0503924
-0.979	-0.0505364
-0.978	-0.0506808
-0.977	-0.0508258
-0.976	-0.0509713
-0.975	-0.0511174
-0.974	-0.0512639
-0.973	-0.051411
-0.972	-0.0515586
-0.971	-0.0517067
-0.97	-0.0518554
-0.969	-0.0520046
-0.968	-0.0521544
-0.967	-0.0523047
-0.966	-0.0524555
-0.965	-0.0526069
-0.964	-0.0527588
-0.963	-0.0529113
-0.962	-0.0530644
-0.961	-0.0532179
-0.96	-0.0533721
-0.959	-0.0535268
-0.958	-0.0536821
-0.957	-0.0538379
-0.956	-0.0539943
-0.955	-0.0541512
-0.954	-0.0543088
-0.953	-0.0544669
-0.952	-0.0546256
-0.951	-0.0547848
-0.95	-0.0549447
-0.949	-0.0551051
-0.948	-0.0552661
-0.947	-0.0554277
-0.946	-0.0555899
-0.945	-0.0557526
-0.944	-0.055916
-0.943	-0.05608
-0.942	-0.0562445
-0.941	-0.0564097
-0.94	-0.0565755
-0.939	-0.0567418
-0.938	-0.0569088
-0.937	-0.0570764
-0.936	-0.0572446
-0.935	-0.0574134
-0.934	-0.0575829
-0.933	-0.0577529
-0.932	-0.0579236
-0.931	-0.0580949
-0.93	-0.0582669
-0.929	-0.0584395
-0.928	-0.0586127
-0.927	-0.0587865
-0.926	-0.058961
-0.925	-0.0591361
-0.924	-0.0593119
-0.923	-0.0594883
-0.922	-0.0596653
-0.921	-0.0598431
-0.92	-0.0600214
-0.919	-0.0602005
-0.918	-0.0603801
-0.917	-0.0605605
-0.916	-0.0607415
-0.915	-0.0609232
-0.914	-0.0611055
-0.913	-0.0612886
-0.912	-0.0614723
-0.911	-0.0616566
-0.91	-0.0618417
-0.909	-0.0620274
-0.908	-0.0622139
-0.907	-0.062401
-0.906	-0.0625888
-0.905	-0.0627773
-0.904	-0.0629665
-0.903	-0.0631564
-0.902	-0.063347
-0.901	-0.0635383
-0.9	-0.0637303
-0.899	-0.0639231
-0.898	-0.0641165
-0.897	-0.0643107
-0.896	-0.0645056
-0.895	-0.0647012
-0.894	-0.0648975
-0.893	-0.0650946
-0.892	-0.0652924
-0.891	-0.0654909
-0.89	-0.0656902
-0.889	-0.0658902
-0.888	-0.0660909
-0.887	-0.0662924
-0.886	-0.0664947
-0.885	-0.0666977
-0.884	-0.0669014
-0.883	-0.0671059
-0.882	-0.0673112
-0.881	-0.0675172
-0.88	-0.067724
-0.879	-0.0679316
-0.878	-0.06814
-0.877	-0.0683491
-0.876	-0.068559
-0.875	-0.0687697
-0.874	-0.0689811
-0.873	-0.0691934
-0.872	-0.0694064
-0.871	-0.0696203
-0.87	-0.0698349
-0.869	-0.0700503
-0.868	-0.0702666
-0.867	-0.0704836
-0.866	-0.0707015
-0.865	-0.0709202
-0.864	-0.0711397
-0.863	-0.07136
-0.862	-0.0715811
-0.861	-0.071803
-0.86	-0.0720258
-0.859	-0.0722494
-0.858	-0.0724739
-0.857	-0.0726992
-0.856	-0.0729253
-0.855	-0.0731523
-0.854	-0.0733801
-0.853	-0.0736087
-0.852	-0.0738383
-0.851	-0.0740686
-0.85	-0.0742999
-0.849	-0.074532
-0.848	-0.074765
-0.847	-0.0749988
-0.846	-0.0752335
-0.845	-0.0754691
-0.844	-0.0757056
-0.843	-0.0759429
-0.842	-0.0761812
-0.841	-0.0764203
-0.84	-0.0766603
-0.839	-0.0769013
-0.838	-0.0771431
-0.837	-0.0773858
-0.836	-0.0776294
-0.835	-0.077874
-0.834	-0.0781194
-0.833	-0.0783658
-0.832	-0.0786131
-0.831	-0.0788613
-0.83	-0.0791104
-0.829	-0.0793605
-0.828	-0.0796115
-0.827	-0.0798634
-0.826	-0.0801163
-0.825	-0.0803701
-0.824	-0.0806249
-0.823	-0.0808806
-0.822	-0.0811373
-0.821	-0.0813949
-0.82	-0.0816535
-0.819	-0.0819131
-0.818	-0.0821736
-0.817	-0.0824351
-0.816	-0.0826975
-0.815	-0.082961
-0.814	-0.0832254
-0.813	-0.0834908
-0.812	-0.0837572
-0.811	-0.0840246
-0.81	-0.084293
-0.809	-0.0845623
-0.808	-0.0848327
-0.807	-0.0851041
-0.806	-0.0853765
-0.805	-0.0856499
-0.804	-0.0859243
-0.803	-0.0861997
-0.802	-0.0864762
-0.801	-0.0867537
-0.8	-0.0870322
-0.799	-0.0873117
-0.798	-0.0875923
-0.797	-0.087874
-0.796	-0.0881566
-0.795	-0.0884403
-0.794	-0.0887251
-0.793	-0.0890109
-0.792	-0.0892978
-0.791	-0.0895857
-0.79	-0.0898747
-0.789	-0.0901648
-0.788	-0.0904559
-0.787	-0.0907481
-0.786	-0.0910414
-0.785	-0.0913357
-0.784	-0.0916312
-0.783	-0.0919277
-0.782	-0.0922253
-0.781	-0.0925241
-0.78	-0.0928239
-0.779	-0.0931248
-0.778	-0.0934268
-0.777	-0.0937299
-0.776	-0.0940342
-0.775	-0.0943395
-0.774	-0.094646
-0.773	-0.0949536
-0.772	-0.0952623
-0.771	-0.0955722
-0.77	-0.0958831
-0.769	-0.0961953
-0.768	-0.0965085
-0.767	-0.0968229
-0.766	-0.0971384
-0.765	-0.0974551
-0.764	-0.097773
-0.763	-0.098092
-0.762	-0.0984121
-0.761	-0.0987334
-0.76	-0.0990559
-0.759	-0.0993795
-0.758	-0.0997044
-0.757	-0.10003
-0.756	-0.100358
-0.755	-0.100686
-0.754	-0.101015
-0.753	-0.101346
-0.752	-0.101678
-0.751	-0.102011
-0.75	-0.102345
-0.749	-0.102681
-0.748	-0.103018
-0.747	-0.103356
-0.746	-0.103695
-0.745	-0.104035
-0.744	-0.104376
-0.743	-0.104719
-0.742	-0.105063
-0.741	-0.105408
-0.74	-0.105755
-0.739	-0.106103
-0.738	-0.106451
-0.737	-0.106802
-0.736	-0.107153
-0.735	-0.107505
-0.734	-0.107859
-0.733	-0.108214
-0.732	-0.108571
-0.731	-0.108928
-0.73	-0.109287
-0.729	-0.109647
-0.728	-0.110009
-0.727	-0.110371
-0.726	-0.110735
-0.725	-0.1111
-0.724	-0.111467
-0.723	-0.111834
-0.722	-0.112203
-0.721	-0.112574
-0.72	-0.112945
-0.719	-0.113318
-0.718	-0.113692
-0.717	-0.114068
-0.716	-0.114444
-0.715	-0.114822
-0.714	-0.115201
-0.713	-0.115582
-0.712	-0.115964
-0.711	-0.116347
-0.71	-0.116731
-0.709	-0.117117
-0.708	-0.117504
-0.707	-0.117893
-0.706	-0.118282
-0.705	-0.118673
-0.704	-0.119066
-0.703	-0.119459
-0.702	-0.119854
-0.701	-0.12025
-0.7	-0.120648
-0.699	-0.121047
-0.698	-0.121447
-0.697	-0.121849
-0.696	-0.122252
-0.695	-0.122656
-0.694	-0.123061
-0.693	-0.123468
-0.692	-0.123876
-0.691	-0.124286
-0.69	-0.124697
-0.689	-0.125109
-0.688	-0.125522
-0.687	-0.125937
-0.686	-0.126354
-0.685	-0.126771
-0.684	-0.12719
-0.683	-0.12761
-0.682	-0.128032
-0.681	-0.128455
-0.68	-0.128879
-0.679	-0.129304
-0.678	-0.129731
-0.677	-0.13016
-0.676	-0.130589
-0.675	-0.13102
-0.674	-0.131452
-0.673	-0.131886
-0.672	-0.132321
-0.671	-0.132757
-0.67	-0.133195
-0.669	-0.133634
-0.668	-0.134074
-0.667	-0.134516
-0.666	-0.134959
-0.665	-0.135403
-0.664	-0.135849
-0.663	-0.136296
-0.662	-0.136744
-0.661	-0.137194
-0.66	-0.137645
-0.659	-0.138097
-0.658	-0.138551
-0.657	-0.139006
-0.656	-0.139462
-0.655	-0.13992
-0.654	-0.140379
-0.653	-0.140839
-0.652	-0.141301
-0.651	-0.141764
-0.65	-0.142228
-0.649	-0.142694
-0.648	-0.143161
-0.647	-0.143629
-0.646	-0.144098
-0.645	-0.144569
-0.644	-0.145041
-0.643	-0.145515
-0.642	-0.145989
-0.641	-0.146465
-0.64	-0.146943
-0.639	-0.147421
-0.638	-0.147901
-0.637	-0.148382
-0.636	-0.148865
-0.635	-0.149348
-0.634	-0.149833
-0.633	-0.150319
-0.632	-0.150807
-0.631	-0.151296
-0.63	-0.151786
-0.629	-0.152277
-0.628	-0.152769
-0.627	-0.153263
-0.626	-0.153758
-0.625	-0.154254
-0.624	-0.154751
-0.623	-0.15525
-0.622	-0.15575
-0.621	-0.156251
-0.62	-0.156753
-0.619	-0.157256
-0.618	-0.157761
-0.617	-0.158267
-0.616	-0.158774
-0.615	-0.159282
-0.614	-0.159791
-0.613	-0.160301
-0.612	-0.160813
-0.611	-0.161326
-0.61	-0.161839
-0.609	-0.162354
-0.608	-0.16287
-0.607	-0.163388
-0.606	-0.163906
-0.605	-0.164425
-0.604	-0.164946
-0.603	-0.165467
-0.602	-0.16599
-0.601	-0.166513
-0.6	-0.167038
-0.599	-0.167564
-0.598	-0.16809
-0.597	-0.168618
-0.596	-0.169147
-0.595	-0.169676
-0.594	-0.170207
-0.593	-0.170739
-0.592	-0.171272
-0.591	-0.171805
-0.59	-0.17234
-0.589	-0.172875
-0.588	-0.173412
-0.587	-0.173949
-0.586	-0.174487
-0.585	-0.175026
-0.584	-0.175566
-0.583	-0.176107
-0.582	-0.176648
-0.581	-0.177191
-0.58	-0.177734
-0.579	-0.178278
-0.578	-0.178823
-0.577	-0.179369
-0.576	-0.179915
-0.575	-0.180462
-0.574	-0.18101
-0.573	-0.181559
-0.572	-0.182108
-0.571	-0.182658
-0.57	-0.183209
-0.569	-0.18376
-0.568	-0.184312
-0.567	-0.184865
-0.566	-0.185418
-0.565	-0.185972
-0.564	-0.186526
-0.563	-0.187081
-0.562	-0.187637
-0.561	-0.188193
-0.56	-0.188749
-0.559	-0.189306
-0.558	-0.189864
-0.557	-0.190422
-0.556	-0.19098
-0.555	-0.191539
-0.554	-0.192098
-0.553	-0.192657
-0.552	-0.193217
-0.551	-0.193777
-0.55	-0.194338
-0.549	-0.194898
-0.548	-0.19546
-0.547	-0.196021
-0.546	-0.196582
-0.545	-0.197144
-0.544	-0.197706
-0.543	-0.198268
-0.542	-0.19883
-0.541	-0.199392
-0.54	-0.199955
-0.539	-0.200517
-0.538	-0.20108
-0.537	-0.201642
-0.536	-0.202205
-0.535	-0.202767
-0.534	-0.20333
-0.533	-0.203892
-0.532	-0.204454
-0.531	-0.205016
-0.53	-0.205578
-0.529	-0.20614
-0.528	-0.206701
-0.527	-0.207263
-0.526	-0.207824
-0.525	-0.208384
-0.524	-0.208945
-0.523	-0.209505
-0.522	-0.210065
-0.521	-0.210624
-0.52	-0.211183
-0.519	-0.211741
-0.518	-0.212299
-0.517	-0.212856
-0.516	-0.213413
-0.515	-0.213969
-0.514	-0.214525
-0.513	-0.21508
-0.512	-0.215634
-0.511	-0.216188
-0.51	-0.216741
-0.509	-0.217293
-0.508	-0.217844
-0.507	-0.218395
-0.506	-0.218944
-0.505	-0.219493
-0.504	-0.220041
-0.503	-0.220588
-0.502	-0.221134
-0.501	-0.221678
-0.5	-0.222222
-0.499	-0.222765
-0.498	-0.223306
-0.497	-0.223847
-0.496	-0.224386
-0.495	-0.224924
-0.494	-0.22546
-0.493	-0.225996
-0.492	-0.22653
-0.491	-0.227062
-0.49	-0.227594
-0.489	-0.228123
-0.488	-0.228652
-0.487	-0.229178
-0.486	-0.229703
-0.485	-0.230227
-0.484	-0.230749
-0.483	-0.231269
-0.482	-0.231788
-0.481	-0.232305
-0.48	-0.232819
-0.479	-0.233333
-0.478	-0.233844
-0.477	-0.234353
-0.476	-0.234861
-0.475	-0.235366
-0.474	-0.235869
-0.473	-0.236371
-0.472	-0.23687
-0.471	-0.237367
-0.47	-0.237862
-0.469	-0.238355
-0.468	-0.238845
-0.467	-0.239333
-0.466	-0.239819
-0.465	-0.240302
-0.464	-0.240783
-0.463	-0.241261
-0.462	-0.241737
-0.461	-0.24221
-0.46	-0.242681
-0.459	-0.243149
-0.458	-0.243615
-0.457	-0.244077
-0.456	-0.244537
-0.455	-0.244994
-0.454	-0.245448
-0.453	-0.2459
-0.452	-0.246348
-0.451	-0.246793
-0.45	-0.247236
-0.449	-0.247675
-0.448	-0.248111
-0.447	-0.248544
-0.446	-0.248974
-0.445	-0.249401
-0.444	-0.249824
-0.443	-0.250244
-0.442	-0.25066
-0.441	-0.251074
-0.44	-0.251483
-0.439	-0.25189
-0.438	-0.252292
-0.437	-0.252691
-0.436	-0.253087
-0.435	-0.253478
-0.434	-0.253867
-0.433	-0.254251
-0.432	-0.254631
-0.431	-0.255008
-0.43	-0.255381
-0.429	-0.25575
-0.428	-0.256115
-0.427	-0.256475
-0.426	-0.256832
-0.425	-0.257185
-0.424	-0.257533
-0.423	-0.257878
-0.422	-0.258218
-0.421	-0.258554
-0.42	-0.258885
-0.419	-0.259213
-0.418	-0.259536
-0.417	-0.259854
-0.416	-0.260168
-0.415	-0.260477
-0.414	-0.260782
-0.413	-0.261082
-0.412	-0.261378
-0.411	-0.261669
-0.41	-0.261955
-0.409	-0.262237
-0.408	-0.262514
-0.407	-0.262785
-0.406	-0.263053
-0.405	-0.263315
-0.404	-0.263572
-0.403	-0.263824
-0.402	-0.264071
-0.401	-0.264313
-0.4	-0.26455
-0.399	-0.264782
-0.398	-0.265009
-0.397	-0.26523
-0.396	-0.265447
-0.395	-0.265658
-0.394	-0.265863
-0.393	-0.266064
-0.392	-0.266259
-0.391	-0.266448
-0.39	-0.266632
-0.389	-0.266811
-0.388	-0.266984
-0.387	-0.267152
-0.386	-0.267314
-0.385	-0.26747
-0.384	-0.267621
-0.383	-0.267766
-0.382	-0.267905
-0.381	-0.268039
-0.38	-0.268167
-0.379	-0.268289
-0.378	-0.268406
-0.377	-0.268516
-0.376	-0.268621
-0.375	-0.268719
-0.374	-0.268812
-0.373	-0.268899
-0.372	-0.26898
-0.371	-0.269055
-0.37	-0.269124
-0.369	-0.269187
-0.368	-0.269243
-0.367	-0.269294
-0.366	-0.269339
-0.365	-0.269377
-0.364	-0.269409
-0.363	-0.269435
-0.362	-0.269455
-0.361	-0.269469
-0.36	-0.269477
-0.359	-0.269478
-0.358	-0.269473
-0.357	-0.269461
-0.356	-0.269444
-0.355	-0.26942
-0.354	-0.26939
-0.353	-0.269353
-0.352	-0.26931
-0.351	-0.269261
-0.35	-0.269205
-0.349	-0.269143
-0.348	-0.269074
-0.347	-0.268999
-0.346	-0.268918
-0.345	-0.26883
-0.344	-0.268736
-0.343	-0.268635
-0.342	-0.268528
-0.341	-0.268414
-0.34	-0.268294
-0.339	-0.268167
-0.338	-0.268034
-0.337	-0.267894
-0.336	-0.267748
-0.335	-0.267596
-0.334	-0.267436
-0.333	-0.267271
-0.332	-0.267099
-0.331	-0.26692
-0.33	-0.266735
-0.329	-0.266543
-0.328	-0.266345
-0.327	-0.26614
-0.326	-0.265929
-0.325	-0.265711
-0.324	-0.265487
-0.323	-0.265256
-0.322	-0.265019
-0.321	-0.264775
-0.32	-0.264525
-0.319	-0.264268
-0.318	-0.264005
-0.317	-0.263736
-0.316	-0.26346
-0.315	-0.263177
-0.314	-0.262888
-0.313	-0.262593
-0.312	-0.262291
-0.311	-0.261983
-0.31	-0.261669
-0.309	-0.261348
-0.308	-0.261021
-0.307	-0.260687
-0.306	-0.260347
-0.305	-0.260001
-0.304	-0.259648
-0.303	-0.25929
-0.302	-0.258924
-0.301	-0.258553
-0.3	-0.258176
-0.299	-0.257792
-0.298	-0.257402
-0.297	-0.257006
-0.296	-0.256603
-0.295	-0.256195
-0.294	-0.25578
-0.293	-0.25536
-0.292	-0.254933
-0.291	-0.2545
-0.29	-0.254061
-0.289	-0.253617
-0.288	-0.253166
-0.287	-0.252709
-0.286	-0.252246
-0.285	-0.251778
-0.284	-0.251303
-0.283	-0.250823
-0.282	-0.250337
-0.281	-0.249845
-0.28	-0.249347
-0.279	-0.248844
-0.278	-0.248335
-0.277	-0.24782
-0.276	-0.247299
-0.275	-0.246773
-0.274	-0.246242
-0.273	-0.245704
-0.272	-0.245162
-0.271	-0.244613
-0.27	-0.244059
-0.269	-0.2435
-0.268	-0.242935
-0.267	-0.242365
-0.266	-0.24179
-0.265	-0.241209
-0.264	-0.240623
-0.263	-0.240032
-0.262	-0.239436
-0.261	-0.238834
-0.26	-0.238227
-0.259	-0.237615
-0.258	-0.236998
-0.257	-0.236376
-0.256	-0.235749
-0.255	-0.235117
-0.254	-0.23448
-0.253	-0.233839
-0.252	-0.233192
-0.251	-0.23254
-0.25	-0.231884
-0.249	-0.231223
-0.248	-0.230557
-0.247	-0.229887
-0.246	-0.229212
-0.245	-0.228532
-0.244	-0.227848
-0.243	-0.227159
-0.242	-0.226466
-0.241	-0.225768
-0.24	-0.225066
-0.239	-0.224359
-0.238	-0.223648
-0.237	-0.222933
-0.236	-0.222214
-0.235	-0.22149
-0.234	-0.220762
-0.233	-0.22003
-0.232	-0.219294
-0.231	-0.218554
-0.23	-0.21781
-0.229	-0.217061
-0.228	-0.216309
-0.227	-0.215553
-0.226	-0.214793
-0.225	-0.214029
-0.224	-0.213262
-0.223	-0.21249
-0.222	-0.211715
-0.221	-0.210936
-0.22	-0.210154
-0.219	-0.209368
-0.218	-0.208578
-0.217	-0.207785
-0.216	-0.206989
-0.215	-0.206189
-0.214	-0.205385
-0.213	-0.204578
-0.212	-0.203768
-0.211	-0.202954
-0.21	-0.202138
-0.209	-0.201318
-0.208	-0.200494
-0.207	-0.199668
-0.206	-0.198839
-0.205	-0.198006
-0.204	-0.19717
-0.203	-0.196332
-0.202	-0.19549
-0.201	-0.194646
-0.2	-0.193798
-0.199	-0.192948
-0.198	-0.192095
-0.197	-0.191239
-0.196	-0.190381
-0.195	-0.189519
-0.194	-0.188656
-0.193	-0.187789
-0.192	-0.18692
-0.191	-0.186048
-0.19	-0.185174
-0.189	-0.184297
-0.188	-0.183418
-0.187	-0.182536
-0.186	-0.181652
-0.185	-0.180765
-0.184	-0.179876
-0.183	-0.178985
-0.182	-0.178092
-0.181	-0.177196
-0.18	-0.176299
-0.179	-0.175399
-0.178	-0.174497
-0.177	-0.173592
-0.176	-0.172686
-0.175	-0.171778
-0.174	-0.170868
-0.173	-0.169955
-0.172	-0.169041
-0.171	-0.168125
-0.17	-0.167207
-0.169	-0.166287
-0.168	-0.165365
-0.167	-0.164442
-0.166	-0.163517
-0.165	-0.16259
-0.164	-0.161661
-0.163	-0.160731
-0.162	-0.159799
-0.161	-0.158865
-0.16	-0.15793
-0.159	-0.156993
-0.158	-0.156055
-0.157	-0.155115
-0.156	-0.154174
-0.155	-0.153231
-0.154	-0.152287
-0.153	-0.151341
-0.152	-0.150394
-0.151	-0.149446
-0.15	-0.148496
-0.149	-0.147546
-0.148	-0.146593
-0.147	-0.14564
-0.146	-0.144685
-0.145	-0.143729
-0.144	-0.142772
-0.143	-0.141814
-0.142	-0.140855
-0.141	-0.139894
-0.14	-0.138933
-0.139	-0.13797
-0.138	-0.137006
-0.137	-0.136042
-0.136	-0.135076
-0.135	-0.134109
-0.134	-0.133141
-0.133	-0.132173
-0.132	-0.131203
-0.131	-0.130233
-0.13	-0.129262
-0.129	-0.128289
-0.128	-0.127316
-0.127	-0.126343
-0.126	-0.125368
-0.125	-0.124393
-0.124	-0.123416
-0.123	-0.12244
-0.122	-0.121462
-0.121	-0.120483
-0.12	-0.119504
-0.119	-0.118525
-0.118	-0.117544
-0.117	-0.116563
-0.116	-0.115581
-0.115	-0.114599
-0.114	-0.113616
-0.113	-0.112633
-0.112	-0.111649
-0.111	-0.110664
-0.11	-0.109679
-0.109	-0.108693
-0.108	-0.107707
-0.107	-0.10672
-0.106	-0.105733
-0.105	-0.104745
-0.104	-0.103757
-0.103	-0.102769
-0.102	-0.10178
-0.101	-0.10079
-0.1	-0.0998004
-0.099	-0.0988102
-0.098	-0.0978195
-0.097	-0.0968286
-0.096	-0.0958372
-0.095	-0.0948455
-0.094	-0.0938534
-0.093	-0.0928611
-0.092	-0.0918684
-0.091	-0.0908754
-0.09	-0.0898821
-0.089	-0.0888885
-0.088	-0.0878946
-0.087	-0.0869004
-0.086	-0.085906
-0.085	-0.0849114
-0.084	-0.0839164
-0.083	-0.0829213
-0.082	-0.0819259
-0.081	-0.0809303
-0.08	-0.0799345
-0.079	-0.0789385
-0.078	-0.0779423
-0.077	-0.0769459
-0.076	-0.0759493
-0.075	-0.0749526
-0.074	-0.0739556
-0.073	-0.0729586
-0.072	-0.0719613
-0.071	-0.0709639
-0.07	-0.0699664
-0.069	-0.0689687
-0.068	-0.0679709
-0.067	-0.066973
-0.066	-0.065975
-0.065	-0.0649768
-0.064	-0.0639785
-0.063	-0.0629802
-0.062	-0.0619817
-0.061	-0.0609831
-0.06	-0.0599845
-0.059	-0.0589857
-0.058	-0.0579869
-0.057	-0.056988
-0.056	-0.055989
-0.055	-0.0549899
-0.054	-0.0539908
-0.053	-0.0529916
-0.052	-0.0519924
-0.051	-0.0509931
-0.05	-0.0499938
-0.049	-0.0489944
-0.048	-0.0479949
-0.047	-0.0469954
-0.046	-0.0459959
-0.045	-0.0449963
-0.044	-0.0439967
-0.043	-0.0429971
-0.042	-0.0419974
-0.041	-0.0409977
-0.04	-0.039998
-0.039	-0.0389982
-0.038	-0.0379984
-0.037	-0.0369986
-0.036	-0.0359988
-0.035	-0.0349989
-0.034	-0.0339991
-0.033	-0.0329992
-0.032	-0.0319993
-0.031	-0.0309994
-0.03	-0.0299995
-0.029	-0.0289996
-0.028	-0.0279997
-0.027	-0.0269997
-0.026	-0.0259998
-0.025	-0.0249998
-0.024	-0.0239998
-0.023	-0.0229999
-0.022	-0.0219999
-0.021	-0.0209999
-0.02	-0.0199999
-0.019	-0.019
-0.018	-0.018
-0.017	-0.017
-0.016	-0.016
-0.015	-0.015
-0.014	-0.014
-0.013	-0.013
-0.012	-0.012
-0.011	-0.011
-0.01	-0.01
-0.009	-0.009
-0.008	-0.008
-0.007	-0.007
-0.006	-0.006
-0.005	-0.005
-0.004	-0.004
-0.003	-0.003
-0.002	-0.002
-0.001	-0.001
8.8124e-16	8.8124e-16
0.001	0.001
0.002	0.002
0.003	0.003
0.004	0.004
0.005	0.005
0.006	0.006
0.007	0.007
0.008	0.008
0.009	0.009
0.01	0.01
0.011	0.011
0.012	0.012
0.013	0.013
0.014	0.014
0.015	0.015
0.016	0.016
0.017	0.017
0.018	0.018
0.019	0.019
0.02	0.0199999
0.021	0.0209999
0.022	0.0219999
0.023	0.0229999
0.024	0.0239998
0.025	0.0249998
0.026	0.0259998
0.027	0.0269997
0.028	0.0279997
0.029	0.0289996
0.03	0.0299995
0.031	0.0309994
0.032	0.0319993
0.033	0.0329992
0.034	0.0339991
0.035	0.0349989
0.036	0.0359988
0.037	0.0369986
0.038	0.0379984
0.039	0.0389982
0.04	0.039998
0.041	0.0409977
0.042	0.0419974
0.043	0.0429971
0.044	0.0439967
0.045	0.0449963
0.046	0.0459959
0.047	0.0469954
0.048	0.0479949
0.049	0.0489944
0.05	0.0499938
0.051	0.0509931
0.052	0.0519924
0.053	0.0529916
0.054	0.0539908
0.055	0.0549899
0.056	0.055989
0.057	0.056988
0.058	0.0579869
0.059	0.0589857
0.06	0.0599845
0.061	0.0609831
0.062	0.0619817
0.063	0.0629802
0.064	0.0639785
0.065	0.0649768
0.066	0.065975
0.067	0.066973
0.068	0.0679709
0.069	0.0689687
0.07	0.0699664
0.071	0.0709639
0.072	0.0719613
0.073	0.0729586
0.074	0.0739556
0.075	0.0749526
0.076	0.0759493
0.077	0.0769459
0.078	0.0779423
0.079	0.0789385
0.08	0.0799345
0.081	0.0809303
0.082	0.0819259
0.083	0.0829213
0.084	0.0839164
0.085	0.0849114
0.086	0.085906
0.087	0.0869004
0.088	0.0878946
0.089	0.0888885
0.09	0.0898821
0.091	0.0908754
0.092	0.0918684
0.093	0.0928611
0.094	0.0938534
0.095	0.0948455
0.096	0.0958372
0.097	0.0968286
0.098	0.0978195
0.099	0.0988102
0.1	0.0998004
0.101	0.10079
0.102	0.10178
0.103	0.102769
0.104	0.103757
0.105	0.104745
0.106	0.105733
0.107	0.10672
0.108	0.107707
0.109	0.108693
0.11	0.109679
0.111	0.110664
0.112	0.111649
0.113	0.112633
0.114	0.113616
0.115	0.114599
0.116	0.115581
0.117	0.116563
0.118	0.117544
0.119	0.118525
0.12	0.119504
0.121	0.120483
0.122	0.121462
0.123	0.12244
0.124	0.123416
0.125	0.124393
0.126	0.125368
0.127	0.126343
0.128	0.127316
0.129	0.128289
0.13	0.129262
0.131	0.130233
0.132	0.131203
0.133	0.132173
0.134	0.133141
0.135	0.134109
0.136	0.135076
0.137	0.136042
0.138	0.137006
0.139	0.13797
0.14	0.138933
0.141	0.139894
0.142	0.140855
0.143	0.141814
0.144	0.142772
0.145	0.143729
0.146	0.144685
0.147	0.14564
0.148	0.146593
0.149	0.147546
0.15	0.148496
0.151	0.149446
0.152	0.150394
0.153	0.151341
0.154	0.152287
0.155	0.153231
0.156	0.154174
0.157	0.155115
0.158	0.156055
0.159	0.156993
0.16	0.15793
0.161	0.158865
0.162	0.159799
0.163	0.160731
0.164	0.161661
0.165	0.16259
0.166	0.163517
0.167	0.164442
0.168	0.165365
0.169	0.166287
0.17	0.167207
0.171	0.168125
0.172	0.169041
0.173	0.169955
0.174	0.170868
0.175	0.171778
0.176	0.172686
0.177	0.173592
0.178	0.174497
0.179	0.175399
0.18	0.176299
0.181	0.177196
0.182	0.178092
0.183	0.178985
0.184	0.179876
0.185	0.180765
0.186	0.181652
0.187	0.182536
0.188	0.183418
0.189	0.184297
0.19	0.185174
0.191	0.186048
0.192	0.18692
0.193	0.187789
0.194	0.188656
0.195	0.189519
0.196	0.190381
0.197	0.191239
0.198	0.192095
0.199	0.192948
0.2	0.193798
0.201	0.194646
0.202	0.19549
0.203	0.196332
0.204	0.19717
0.205	0.198006
0.206	0.198839
0.207	0.199668
0.208	0.200494
0.209	0.201318
0.21	0.202138
0.211	0.202954
0.212	0.203768
0.213	0.204578
0.214	0.205385
0.215	0.206189
0.216	0.206989
0.217	0.207785
0.218	0.208578
0.219	0.209368
0.22	0.210154
0.221	0.210936
0.222	0.211715
0.223	0.21249
0.224	0.213262
0.225	0.214029
0.226	0.214793
0.227	0.215553
0.228	0.216309
0.229	0.217061
0.23	0.21781
0.231	0.218554
0.232	0.219294
0.233	0.22003
0.234	0.220762
0.235	0.22149
0.236	0.222214
0.237	0.222933
0.238	0.223648
0.239	0.224359
0.24	0.225066
0.241	0.225768
0.242	0.226466
0.243	0.227159
0.244	0.227848
0.245	0.228532
0.246	0.229212
0.247	0.229887
0.248	0.230557
0.249	0.231223
0.25	0.231884
0.251	0.23254
0.252	0.233192
0.253	0.233839
0.254	0.23448
0.255	0.235117
0.256	0.235749
0.257	0.236376
0.258	0.236998
0.259	0.237615
0.26	0.238227
0.261	0.238834
0.262	0.239436
0.263	0.240032
0.264	0.240623
0.265	0.241209
0.266	0.24179
0.267	0.242365
0.268	0.242935
0.269	0.2435
0.27	0.244059
0.271	0.244613
0.272	0.245162
0.273	0.245704
0.274	0.246242
0.275	0.246773
0.276	0.247299
0.277	0.24782
0.278	0.248335
0.279	0.248844
0.28	0.249347
0.281	0.249845
0.282	0.250337
0.283	0.250823
0.284	0.251303
0.285	0.251778
0.286	0.252246
0.287	0.252709
0.288	0.253166
0.289	0.253617
0.29	0.254061
0.291	0.2545
0.292	0.254933
0.293	0.25536
0.294	0.25578
0.295	0.256195
0.296	0.256603
0.297	0.257006
0.298	0.257402
0.299	0.257792
0.3	0.258176
0.301	0.258553
0.302	0.258924
0.303	0.25929
0.304	0.259648
0.305	0.260001
0.306	0.260347
0.307	0.260687
0.308	0.261021
0.309	0.261348
0.31	0.261669
0.311	0.261983
0.312	0.262291
0.313	0.262593
0.314	0.262888
0.315	0.263177
0.316	0.26346
0.317	0.263736
0.318	0.264005
0.319	0.264268
0.32	0.264525
0.321	0.264775
0.322	0.265019
0.323	0.265256
0.324	0.265487
0.325	0.265711
0.326	0.265929
0.327	0.26614
0.328	0.266345
0.329	0.266543
0.33	0.266735
0.331	0.26692
0.332	0.267099
0.333	0.267271
0.334	0.267436
0.335	0.267596
0.336	0.267748
0.337	0.267894
0.338	0.268034
0.339	0.268167
0.34	0.268294
0.341	0.268414
0.342	0.268528
0.343	0.268635
0.344	0.268736
0.345	0.26883
0.346	0.268918
0.347	0.268999
0.348	0.269074
0.349	0.269143
0.35	0.269205
0.351	0.269261
0.352	0.26931
0.353	0.269353
0.354	0.26939
0.355	0.26942
0.356	0.269444
0.357	0.269461
0.358	0.269473
0.359	0.269478
0.36	0.269477
0.361	0.269469
0.362	0.269455
0.363	0.269435
0.364	0.269409
0.365	0.269377
0.366	0.269339
0.367	0.269294
0.368	0.269243
0.369	0.269187
0.37	0.269124
0.371	0.269055
0.372	0.26898
0.373	0.268899
0.374	0.268812
0.375	0.268719
0.376	0.268621
0.377	0.268516
0.378	0.268406
0.379	0.268289
0.38	0.268167
0.381	0.268039
0.382	0.267905
0.383	0.267766
0.384	0.267621
0.385	0.26747
0.386	0.267314
0.387	0.267152
0.388	0.266984
0.389	0.266811
0.39	0.266632
0.391	0.266448
0.392	0.266259
0.393	0.266064
0.394	0.265863
0.395	0.265658
0.396	0.265447
0.397	0.26523
0.398	0.265009
0.399	0.264782
0.4	0.26455
0.401	0.264313
0.402	0.264071
0.403	0.263824
0.404	0.263572
0.405	0.263315
0.406	0.263053
0.407	0.262785
0.408	0.262514
0.409	0.262237
0.41	0.261955
0.411	0.261669
0.412	0.261378
0.413	0.261082
0.414	0.260782
0.415	0.260477
0.416	0.260168
0.417	0.259854
0.418	0.259536
0.419	0.259213
0.42	0.258885
0.421	0.258554
0.422	0.258218
0.423	0.257878
0.424	0.257533
0.425	0.257185
0.426	0.256832
0.427	0.256475
0.428	0.256115
0.429	0.25575
0.43	0.255381
0.431	0.255008
0.432	0.254631
0.433	0.254251
0.434	0.253867
0.435	0.253478
0.436	0.253087
0.437	0.252691
0.438	0.252292
0.439	0.25189
0.44	0.251483
0.441	0.251074
0.442	0.25066
0.443	0.250244
0.444	0.249824
0.445	0.249401
0.446	0.248974
0.447	0.248544
0.448	0.248111
0.449	0.247675
0.45	0.247236
0.451	0.246793
0.452	0.246348
0.453	0.2459
0.454	0.245448
0.455	0.244994
0.456	0.244537
0.457	0.244077
0.458	0.243615
0.459	0.243149
0.46	0.242681
0.461	0.24221
0.462	0.241737
0.463	0.241261
0.464	0.240783
0.465	0.240302
0.466	0.239819
0.467	0.239333
0.468	0.238845
0.469	0.238355
0.47	0.237862
0.471	0.237367
0.472	0.23687
0.473	0.236371
0.474	0.235869
0.475	0.235366
0.476	0.234861
0.477	0.234353
0.478	0.233844
0.479	0.233333
0.48	0.232819
0.481	0.232305
0.482	0.231788
0.483	0.231269
0.484	0.230749
0.485	0.230227
0.486	0.229703
0.487	0.229178
0.488	0.228652
0.489	0.228123
0.49	0.227594
0.491	0.227062
0.492	0.22653
0.493	0.225996
0.494	0.22546
0.495	0.224924
0.496	0.224386
0.497	0.223847
0.498	0.223306
0.499	0.222765
0.5	0.222222
0.501	0.221678
0.502	0.221134
0.503	0.220588
0.504	0.220041
0.505	0.219493
0.506	0.218944
0.507	0.218395
0.508	0.217844
0.509	0.217293
0.51	0.216741
0.511	0.216188
0.512	0.215634
0.513	0.21508
0.514	0.214525
0.515	0.213969
0.516	0.213413
0.517	0.212856
0.518	0.212299
0.519	0.211741
0.52	0.211183
0.521	0.210624
0.522	0.210065
0.523	0.209505
0.524	0.208945
0.525	0.208384
0.526	0.207824
0.527	0.207263
0.528	0.206701
0.529	0.20614
0.53	0.205578
0.531	0.205016
0.532	0.204454
0.533	0.203892
0.534	0.20333
0.535	0.202767
0.536	0.202205
0.537	0.201642
0.538	0.20108
0.539	0.200517
0.54	0.199955
0.541	0.199392
0.542	0.19883
0.543	0.198268
0.544	0.197706
0.545	0.197144
0.546	0.196582
0.547	0.196021
0.548	0.19546
0.549	0.194898
0.55	0.194338
0.551	0.193777
0.552	0.193217
0.553	0.192657
0.554	0.192098
0.555	0.191539
0.556	0.19098
0.557	0.190422
0.558	0.189864
0.559	0.189306
0.56	0.188749
0.561	0.188193
0.562	0.187637
0.563	0.187081
0.564	0.186526
0.565	0.185972
0.566	0.185418
0.567	0.184865
0.568	0.184312
0.569	0.18376
0.57	0.183209
0.571	0.182658
0.572	0.182108
0.573	0.181559
0.574	0.18101
0.575	0.180462
0.576	0.179915
0.577	0.179369
0.578	0.178823
0.579	0.178278
0.58	0.177734
0.581	0.177191
0.582	0.176648
0.583	0.176107
0.584	0.175566
0.585	0.175026
0.586	0.174487
0.587	0.173949
0.588	0.173412
0.589	0.172875
0.59	0.17234
0.591	0.171805
0.592	0.171272
0.593	0.170739
0.594	0.170207
0.595	0.169676
0.596	0.169147
0.597	0.168618
0.598	0.16809
0.599	0.167564
0.6	0.167038
0.601	0.166513
0.602	0.16599
0.603	0.165467
0.604	0.164946
0.605	0.164425
0.606	0.163906
0.607	0.163388
0.608	0.16287
0.609	0.162354
0.61	0.161839
0.611	0.161326
0.612	0.160813
0.613	0.160301
0.614	0.159791
0.615	0.159282
0.616	0.158774
0.617	0.158267
0.618	0.157761
0.619	0.157256
0.62	0.156753
0.621	0.156251
0.622	0.15575
0.623	0.15525
0.624	0.154751
0.625	0.154254
0.626	0.153758
0.627	0.153263
0.628	0.152769
0.629	0.152277
0.63	0.151786
0.631	0.151296
0.632	0.150807
0.633	0.150319
0.634	0.149833
0.635	0.149348
0.636	0.148865
0.637	0.148382
0.638	0.147901
0.639	0.147421
0.64	0.146943
0.641	0.146465
0.642	0.145989
0.643	0.145515
0.644	0.145041
0.645	0.144569
0.646	0.144098
0.647	0.143629
0.648	0.143161
0.649	0.142694
0.65	0.142228
0.651	0.141764
0.652	0.141301
0.653	0.140839
0.654	0.140379
0.655	0.13992
0.656	0.139462
0.657	0.139006
0.658	0.138551
0.659	0.138097
0.66	0.137645
0.661	0.137194
0.662	0.136744
0.663	0.136296
0.664	0.135849
0.665	0.135403
0.666	0.134959
0.667	0.134516
0.668	0.134074
0.669	0.133634
0.67	0.133195
0.671	0.132757
0.672	0.132321
0.673	0.131886
0.674	0.131452
0.675	0.13102
0.676	0.130589
0.677	0.13016
0.678	0.129731
0.679	0.129304
0.68	0.128879
0.681	0.128455
0.682	0.128032
0.683	0.12761
0.684	0.12719
0.685	0.126771
0.686	0.126354
0.687	0.125937
0.688	0.125522
0.689	0.125109
0.69	0.124697
0.691	0.124286
0.692	0.123876
0.693	0.123468
0.694	0.123061
0.695	0.122656
0.696	0.122252
0.697	0.121849
0.698	0.121447
0.699	0.121047
0.7	0.120648
0.701	0.12025
0.702	0.119854
0.703	0.119459
0.704	0.119066
0.705	0.118673
0.706	0.118282
0.707	0.117893
0.708	0.117504
0.709	0.117117
0.71	0.116731
0.711	0.116347
0.712	0.115964
0.713	0.115582
0.714	0.115201
0.715	0.114822
0.716	0.114444
0.717	0.114068
0.718	0.113692
0.719	0.113318
0.72	0.112945
0.721	0.112574
0.722	0.112203
0.723	0.111834
0.724	0.111467
0.725	0.1111
0.726	0.110735
0.727	0.110371
0.728	0.110009
0.729	0.109647
0.73	0.109287
0.731	0.108928
0.732	0.108571
0.733	0.108214
0.734	0.107859
0.735	0.107505
0.736	0.107153
0.737	0.106802
0.738	0.106451
0.739	0.106103
0.74	0.105755
0.741	0.105408
0.742	0.105063
0.743	0.104719
0.744	0.104376
0.745	0.104035
0.746	0.103695
0.747	0.103356
0.748	0.103018
0.749	0.102681
0.75	0.102345
0.751	0.102011
0.752	0.101678
0.753	0.101346
0.754	0.101015
0.755	0.100686
0.756	0.100358
0.757	0.10003
0.758	0.0997044
0.759	0.0993795
0.76	0.0990559
0.761	0.0987334
0.762	0.0984121
0.763	0.098092
0.764	0.097773
0.765	0.0974551
0.766	0.0971384
0.767	0.0968229
0.768	0.0965085
0.769	0.0961953
0.77	0.0958831
0.771	0.0955722
0.772	0.0952623
0.773	0.0949536
0.774	0.094646
0.775	0.0943395
0.776	0.0940342
0.777	0.0937299
0.778	0.0934268
0.779	0.0931248
0.78	0.0928239
0.781	0.0925241
0.782	0.0922253
0.783	0.0919277
0.784	0.0916312
0.785	0.0913357
0.786	0.0910414
0.787	0.0907481
0.788	0.0904559
0.789	0.0901648
0.79	0.0898747
0.791	0.0895857
0.792	0.0892978
0.793	0.0890109
0.794	0.0887251
0.795	0.0884403
0.796	0.0881566
0.797	0.087874
0.798	0.0875923
0.799	0.0873117
0.8	0.0870322
0.801	0.0867537
0.802	0.0864762
0.803	0.0861997
0.804	0.0859243
0.805	0.0856499
0.806	0.0853765
0.807	0.0851041
0.808	0.0848327
0.809	0.0845623
0.81	0.084293
0.811	0.0840246
0.812	0.0837572
0.813	0.0834908
0.814	0.0832254
0.815	0.082961
0.816	0.0826975
0.817	0.0824351
0.818	0.0821736
0.819	0.0819131
0.82	0.0816535
0.821	0.0813949
0.822	0.0811373
0.823	0.0808806
0.824	0.0806249
0.825	0.0803701
0.826	0.0801163
0.827	0.0798634
0.828	0.0796115
0.829	0.0793605
0.83	0.0791104
0.831	0.0788613
0.832	0.0786131
0.833	0.0783658
0.834	0.0781194
0.835	0.077874
0.836	0.0776294
0.837	0.0773858
0.838	0.0771431
0.839	0.0769013
0.84	0.0766603
0.841	0.0764203
0.842	0.0761812
0.843	0.0759429
0.844	0.0757056
0.845	0.0754691
0.846	0.0752335
0.847	0.0749988
0.848	0.074765
0.849	0.074532
0.85	0.0742999
0.851	0.0740686
0.852	0.0738383
0.853	0.0736087
0.854	0.0733801
0.855	0.0731523
0.856	0.0729253
0.857	0.0726992
0.858	0.0724739
0.859	0.0722494
0.86	0.0720258
0.861	0.071803
0.862	0.0715811
0.863	0.07136
0.864	0.0711397
0.865	0.0709202
0.866	0.0707015
0.867	0.0704836
0.868	0.0702666
0.869	0.0700503
0.87	0.0698349
0.871	0.0696203
0.872	0.0694064
0.873	0.0691934
0.874	0.0689811
0.875	0.0687697
0.876	0.068559
0.877	0.0683491
0.878	0.06814
0.879	0.0679316
0.88	0.067724
0.881	0.0675172
0.882	0.0673112
0.883	0.0671059
0.884	0.0669014
0.885	0.0666977
0.886	0.0664947
0.887	0.0662924
0.888	0.0660909
0.889	0.0658902
0.89	0.0656902
0.891	0.0654909
0.892	0.0652924
0.893	0.0650946
0.894	0.0648975
0.895	0.0647012
0.896	0.0645056
0.897	0.0643107
0.898	0.0641165
0.899	0.0639231
0.9	0.0637303
0.901	0.0635383
0.902	0.063347
0.903	0.0631564
0.904	0.0629665
0.905	0.0627773
0.906	0.0625888
0.907	0.062401
0.908	0.0622139
0.909	0.0620274
0.91	0.0618417
0.911	0.0616566
0.912	0.0614723
0.913	0.0612886
0.914	0.0611055
0.915	0.0609232
0.916	0.0607415
0.917	0.0605605
0.918	0.0603801
0.919	0.0602005
0.92	0.0600214
0.921	0.0598431
0.922	0.0596653
0.923	0.0594883
0.924	0.0593119
0.925	0.0591361
0.926	0.058961
0.927	0.0587865
0.928	0.0586127
0.929	0.0584395
0.93	0.0582669
0.931	0.0580949
0.932	0.0579236
0.933	0.0577529
0.934	0.0575829
0.935	0.0574134
0.936	0.0572446
0.937	0.0570764
0.938	0.0569088
0.939	0.0567418
0.94	0.0565755
0.941	0.0564097
0.942	0.0562445
0.943	0.05608
0.944	0.055916
0.945	0.0557526
0.946	0.0555899
0.947	0.0554277
0.948	0.0552661
0.949	0.0551051
0.95	0.0549447
0.951	0.0547848
0.952	0.0546256
0.953	0.0544669
0.954	0.0543088
0.955	0.0541512
0.956	0.0539943
0.957	0.0538379
0.958	0.0536821
0.959	0.0535268
0.96	0.0533721
0.961	0.0532179
0.962	0.0530644
0.963	0.0529113
0.964	0.0527588
0.965	0.0526069
0.966	0.0524555
0.967	0.0523047
0.968	0.0521544
0.969	0.0520046
0.97	0.0518554
0.971	0.0517067
0.972	0.0515586
0.973	0.051411
0.974	0.0512639
0.975	0.0511174
0.976	0.0509713
0.977	0.0508258
0.978	0.0506808
0.979	0.0505364
0.98	0.0503924
0.981	0.050249
0.982	0.0501061
0.983	0.0499637
0.984	0.0498218
0.985	0.0496804
0.986	0.0495395
0.987	0.0493991
0.988	0.0492593
0.989	0.0491199
0.99	0.048981
0.991	0.0488426
0.992	0.0487047
0.993	0.0485673
0.994	0.0484304
0.995	0.048294
0.996	0.048158
0.997	0.0480226
0.998	0.0478876
0.999	0.0477531
