-10	1.06767e-10
-9.9	1.68517e-10
-9.8	2.64688e-10
-9.7	4.13725e-10
-9.6	6.43539e-10
-9.5	9.96153e-10
-9.4	1.5345e-09
-9.3	2.35232e-09
-9.2	3.58853e-09
-9.1	5.44791e-09
-9	8.23068e-09
-8.9	1.23747e-08
-8.8	1.85154e-08
-8.7	2.75693e-08
-8.6	4.08523e-08
-8.5	6.02431e-08
-8.4	8.84094e-08
-8.3	1.2912e-07
-8.2	1.87668e-07
-8.1	2.71451e-07
-8	3.90751e-07
-7.9	5.5978e-07
-7.8	7.98077e-07
-7.7	1.13236e-06
-7.6	1.59895e-06
-7.5	2.24699e-06
-7.4	3.14257e-06
-7.3	4.37409e-06
-7.2	6.05913e-06
-7.1	8.35325e-06
-7	1.14611e-05
-6.9	1.56503e-05
-6.8	2.12691e-05
-6.7	2.87677e-05
-6.6	3.87254e-05
-6.5	5.18826e-05
-6.4	6.91809e-05
-6.3	9.18104e-05
-6.2	0.000121266
-6.1	0.000159417
-6	0.000208583
-5.9	0.000271627
-5.8	0.000352065
-5.7	0.000454182
-5.6	0.000583173
-5.5	0.000745295
-5.4	0.000948039
-5.3	0.00120031
-5.2	0.00151264
-5.1	0.00189738
-5	0.00236894
-4.9	0.002944
-4.8	0.00364174
-4.7	0.00448407
-4.6	0.0054958
-4.5	0.00670487
-4.4	0.00814241
-4.3	0.00984291
-4.2	0.0118442
-4.1	0.0141875
-4	0.0169171
-3.9	0.0200804
-3.8	0.0237273
-3.7	0.0279099
-3.6	0.032682
-3.5	0.0380981
-3.4	0.0442126
-3.3	0.051079
-3.2	0.0587487
-3.1	0.0672693
-3	0.0766839
-2.9	0.0870292
-2.8	0.098334
-2.7	0.110618
-2.6	0.12389
-2.5	0.138147
-2.4	0.153371
-2.3	0.16953
-2.2	0.186578
-2.1	0.204449
-2	0.223062
-1.9	0.24232
-1.8	0.262107
-1.7	0.282292
-1.6	0.302728
-1.5	0.323255
-1.4	0.343701
-1.3	0.363883
-1.2	0.383613
-1.1	0.402695
-1	0.420936
-0.9	0.438141
-0.8	0.454123
-0.7	0.468702
-0.6	0.48171
-0.5	0.492995
-0.4	0.502423
-0.3	0.509878
-0.2	0.515269
-0.1	0.518531
0	0.519623
0.1	0.518531
0.2	0.515269
0.3	0.509878
0.4	0.502423
0.5	0.492995
0.6	0.48171
0.7	0.468702
0.8	0.454123
0.9	0.438141
1	0.420936
1.1	0.402695
1.2	0.383613
1.3	0.363883
1.4	0.343701
1.5	0.323255
1.6	0.302728
1.7	0.282292
1.8	0.262107
1.9	0.24232
2	0.223062
2.1	0.204449
2.2	0.186578
2.3	0.16953
2.4	0.153371
2.5	0.138147
2.6	0.12389
2.7	0.110618
2.8	0.098334
2.9	0.0870292
3	0.0766839
3.1	0.0672693
3.2	0.0587487
3.3	0.051079
3.4	0.0442126
3.5	0.0380981
3.6	0.032682
3.7	0.0279099
3.8	0.0237273
3.9	0.0200804
4	0.0169171
4.1	0.0141875
4.2	0.0118442
4.3	0.00984291
4.4	0.00814241
4.5	0.00670487
4.6	0.0054958
4.7	0.00448407
4.8	0.00364174
4.9	0.002944
5	0.00236894
5.1	0.00189738
5.2	0.00151264
5.3	0.00120031
5.4	0.000948039
5.5	0.000745295
5.6	0.000583173
5.7	0.000454182
5.8	0.000352065
5.9	0.000271627
6	0.000208583
6.1	0.000159417
6.2	0.000121266
6.3	9.18104e-05
6.4	6.91809e-05
6.5	5.18826e-05
6.6	3.87254e-05
6.7	2.87677e-05
6.8	2.12691e-05
6.9	1.56503e-05
7	1.14611e-05
7.1	8.35325e-06
7.2	6.05913e-06
7.3	4.37409e-06
7.4	3.14257e-06
7.5	2.24699e-06
7.6	1.59895e-06
7.7	1.13236e-06
7.8	7.98077e-07
7.9	5.5978e-07
8	3.90751e-07
8.1	2.71451e-07
8.2	1.87668e-07
8.3	1.2912e-07
8.4	8.84094e-08
8.5	6.02431e-08
8.6	4.08523e-08
8.7	2.75693e-08
8.8	1.85154e-08
8.9	1.23747e-08
9	8.23068e-09
9.1	5.44791e-09
9.2	3.58853e-09
9.3	2.35232e-09
9.4	1.5345e-09
9.5	9.96153e-10
9.6	6.43539e-10
9.7	4.13725e-10
9.8	2.64688e-10
9.9	1.68517e-10
10	1.06767e-10
