-10	0
-9.9	5.19405e-11
-9.8	1.15313e-10
-9.7	2.03786e-10
-9.6	3.35886e-10
-9.5	5.38433e-10
-9.4	8.51344e-10
-9.3	1.33456e-09
-9.2	2.07809e-09
-9.1	3.21667e-09
-9	4.95097e-09
-8.9	7.57827e-09
-8.8	1.15364e-08
-8.7	1.74666e-08
-8.6	2.63023e-08
-8.5	3.93946e-08
-8.4	5.86873e-08
-8.3	8.69612e-08
-8.2	1.28171e-07
-8.1	1.87907e-07
-8	2.74027e-07
-7.9	3.97513e-07
-7.8	5.73618e-07
-7.7	8.23409e-07
-7.6	1.17581e-06
-7.5	1.67031e-06
-7.4	2.36048e-06
-7.3	3.3186e-06
-7.2	4.64162e-06
-7.1	6.45879e-06
-7	8.94142e-06
-6.9	1.23152e-05
-6.8	1.6876e-05
-6.7	2.30085e-05
-6.6	3.12114e-05
-6.5	4.21256e-05
-6.4	5.65714e-05
-6.3	7.55913e-05
-6.2	0.000100503
-6.1	0.00013296
-6	0.000175029
-5.9	0.000229273
-5.8	0.000298849
-5.7	0.00038763
-5.6	0.000500329
-5.5	0.000642649
-5.4	0.000821445
-5.3	0.0010449
-5.2	0.00132274
-5.1	0.0016664
-5	0.00208929
-4.9	0.00260698
-4.8	0.00323746
-4.7	0.00400134
-4.6	0.00492207
-4.5	0.00602612
-4.4	0.00734316
-4.3	0.00890615
-4.2	0.0107514
-4.1	0.0129186
-4	0.0154507
-3.9	0.0183937
-3.8	0.0217965
-3.7	0.0257102
-3.6	0.0301879
-3.5	0.035284
-3.4	0.0410529
-3.3	0.0475489
-3.2	0.0548242
-3.1	0.0629284
-3	0.0719068
-2.9	0.0817991
-2.8	0.0926381
-2.7	0.104448
-2.6	0.117242
-2.5	0.131023
-2.4	0.14578
-2.3	0.161489
-2.2	0.178108
-2.1	0.195583
-2	0.21384
-1.9	0.232788
-1.8	0.252322
-1.7	0.272317
-1.6	0.292634
-1.5	0.31312
-1.4	0.333608
-1.3	0.353921
-1.2	0.373874
-1.1	0.393275
-1	0.411931
-0.9	0.429646
-0.8	0.446231
-0.7	0.461502
-0.6	0.475287
-0.5	0.487424
-0.4	0.497772
-0.3	0.506206
-0.2	0.512624
-0.1	0.516947
0	0.519122
0.1	0.519122
0.2	0.516947
0.3	0.512624
0.4	0.506206
0.5	0.497772
0.6	0.487424
0.7	0.475287
0.8	0.461502
0.9	0.446231
1	0.429646
1.1	0.411931
1.2	0.393275
1.3	0.373874
1.4	0.353921
1.5	0.333608
1.6	0.31312
1.7	0.292634
1.8	0.272317
1.9	0.252322
2	0.232788
2.1	0.21384
2.2	0.195583
2.3	0.178108
2.4	0.161489
2.5	0.14578
2.6	0.131023
2.7	0.117242
2.8	0.104448
2.9	0.0926381
3	0.0817991
3.1	0.0719068
3.2	0.0629284
3.3	0.0548242
3.4	0.0475489
3.5	0.0410529
3.6	0.035284
3.7	0.0301879
3.8	0.0257102
3.9	0.0217965
4	0.0183937
4.1	0.0154507
4.2	0.0129186
4.3	0.0107514
4.4	0.00890615
4.5	0.00734316
4.6	0.00602612
4.7	0.00492207
4.8	0.00400134
4.9	0.00323746
5	0.00260698
5.1	0.00208929
5.2	0.0016664
5.3	0.00132274
5.4	0.0010449
5.5	0.000821445
5.6	0.000642649
5.7	0.000500329
5.8	0.00038763
5.9	0.000298849
6	0.000229273
6.1	0.000175029
6.2	0.00013296
6.3	0.000100503
6.4	7.55913e-05
6.5	5.65714e-05
6.6	4.21256e-05
6.7	3.12114e-05
6.8	2.30085e-05
6.9	1.6876e-05
7	1.23152e-05
7.1	8.94142e-06
7.2	6.45879e-06
7.3	4.64162e-06
7.4	3.3186e-06
7.5	2.36048e-06
7.6	1.67031e-06
7.7	1.17581e-06
7.8	8.23409e-07
7.9	5.73618e-07
8	3.97513e-07
8.1	2.74027e-07
8.2	1.87907e-07
8.3	1.28171e-07
8.4	8.69611e-08
8.5	5.86873e-08
8.6	3.93945e-08
8.7	2.63023e-08
8.8	1.74665e-08
8.9	1.15362e-08
9	7.57792e-09
9.1	4.95038e-09
9.2	3.21568e-09
9.3	2.07643e-09
9.4	1.3318e-09
9.5	8.46773e-10
9.6	5.30913e-10
9.7	3.23588e-10
9.8	1.83791e-10
9.9	8.29931e-11
10	0
