-10	0
-9.9	1.36609e-06
-9.8	2.79993e-06
-9.7	4.37192e-06
-9.6	6.15778e-06
-9.5	8.2414e-06
-9.4	1.07179e-05
-9.3	1.3697e-05
-9.2	1.73065e-05
-9.1	2.1697e-05
-9	2.70458e-05
-8.9	3.35628e-05
-8.8	4.14963e-05
-8.7	5.11396e-05
-8.6	6.28391e-05
-8.5	7.70027e-05
-8.4	9.41098e-05
-8.3	0.000114722
-8.2	0.000139497
-8.1	0.000169199
-8	0.000204717
-7.9	0.000247082
-7.8	0.000297484
-7.7	0.000357291
-7.6	0.000428076
-7.5	0.000511637
-7.4	0.000610021
-7.3	0.000725559
-7.2	0.000860889
-7.1	0.00101899
-7	0.0012032
-6.9	0.00141729
-6.8	0.00166544
-6.7	0.00195233
-6.6	0.00228313
-6.5	0.00266356
-6.4	0.00309993
-6.3	0.00359912
-6.2	0.0041687
-6.1	0.00481686
-6	0.0055525
-5.9	0.0063852
-5.8	0.00732528
-5.7	0.00838373
-5.6	0.0095723
-5.5	0.0109034
-5.4	0.0123901
-5.3	0.0140461
-5.2	0.0158857
-5.1	0.0179237
-5	0.0201754
-4.9	0.0226563
-4.8	0.0253823
-4.7	0.0283691
-4.6	0.0316328
-4.5	0.035189
-4.4	0.0390529
-4.3	0.0432394
-4.2	0.0477624
-4.1	0.0526348
-4	0.0578684
-3.9	0.0634736
-3.8	0.069459
-3.7	0.0758312
-3.6	0.082595
-3.5	0.0897522
-3.4	0.0973025
-3.3	0.105242
-3.2	0.113566
-3.1	0.122262
-3	0.131319
-2.9	0.14072
-2.8	0.150443
-2.7	0.160467
-2.6	0.170761
-2.5	0.181296
-2.4	0.192035
-2.3	0.20294
-2.2	0.21397
-2.1	0.225078
-2	0.236217
-1.9	0.247335
-1.8	0.25838
-1.7	0.269296
-1.6	0.280027
-1.5	0.290516
-1.4	0.300704
-1.3	0.310534
-1.2	0.319948
-1.1	0.32889
-1	0.337306
-0.9	0.345142
-0.8	0.35235
-0.7	0.358882
-0.6	0.364697
-0.5	0.369756
-0.4	0.374025
-0.3	0.377475
-0.2	0.380084
-0.1	0.381833
0	0.38271
0.1	0.38271
0.2	0.381833
0.3	0.380084
0.4	0.377475
0.5	0.374025
0.6	0.369756
0.7	0.364697
0.8	0.358882
0.9	0.35235
1	0.345142
1.1	0.337306
1.2	0.32889
1.3	0.319948
1.4	0.310534
1.5	0.300704
1.6	0.290516
1.7	0.280027
1.8	0.269296
1.9	0.25838
2	0.247335
2.1	0.236217
2.2	0.225078
2.3	0.21397
2.4	0.20294
2.5	0.192035
2.6	0.181296
2.7	0.170761
2.8	0.160467
2.9	0.150443
3	0.14072
3.1	0.131319
3.2	0.122262
3.3	0.113566
3.4	0.105242
3.5	0.0973025
3.6	0.0897522
3.7	0.082595
3.8	0.0758312
3.9	0.069459
4	0.0634736
4.1	0.0578684
4.2	0.0526348
4.3	0.0477624
4.4	0.0432394
4.5	0.0390529
4.6	0.035189
4.7	0.0316328
4.8	0.0283691
4.9	0.0253823
5	0.0226563
5.1	0.0201754
5.2	0.0179237
5.3	0.0158857
5.4	0.0140461
5.5	0.0123901
5.6	0.0109034
5.7	0.0095723
5.8	0.00838373
5.9	0.00732528
6	0.0063852
6.1	0.0055525
6.2	0.00481686
6.3	0.0041687
6.4	0.00359912
6.5	0.00309993
6.6	0.00266356
6.7	0.00228313
6.8	0.00195233
6.9	0.00166544
7	0.00141729
7.1	0.0012032
7.2	0.00101899
7.3	0.000860887
7.4	0.000725558
7.5	0.000610019
7.6	0.000511634
7.7	0.000428073
7.8	0.000357287
7.9	0.000297478
8	0.000247074
8.1	0.000204706
8.2	0.000169184
8.3	0.000139477
8.4	0.000114697
8.5	9.40766e-05
8.6	7.69593e-05
8.7	6.27826e-05
8.8	5.10663e-05
8.9	4.14014e-05
9	3.34403e-05
9.1	2.68881e-05
9.2	2.14944e-05
9.3	1.7047e-05
9.4	1.33653e-05
9.5	1.02953e-05
9.6	7.70421e-06
9.7	5.47676e-06
9.8	3.5108e-06
9.9	1.71391e-06
10	0
