-10	3.37868e-06
-9.9	4.26833e-06
-9.8	5.37922e-06
-9.7	6.7629e-06
-9.6	8.482e-06
-9.5	1.06125e-05
-9.4	1.32461e-05
-9.3	1.64935e-05
-9.2	2.04877e-05
-9.1	2.53879e-05
-9	3.13846e-05
-8.9	3.87045e-05
-8.8	4.76172e-05
-8.7	5.84416e-05
-8.6	7.15547e-05
-8.5	8.74002e-05
-8.4	0.000106499
-8.3	0.00012946
-8.2	0.000156996
-8.1	0.000189933
-8	0.000229231
-7.9	0.000276
-7.8	0.000331517
-7.7	0.000397251
-7.6	0.000474884
-7.5	0.000566337
-7.4	0.000673792
-7.3	0.000799729
-7.2	0.000946946
-7.1	0.0011186
-7	0.00131823
-6.9	0.00154979
-6.8	0.00181772
-6.7	0.0021269
-6.6	0.00248278
-6.5	0.00289135
-6.4	0.00335917
-6.3	0.00389347
-6.2	0.00450208
-6.1	0.00519353
-6	0.00597704
-5.9	0.00686252
-5.8	0.00786061
-5.7	0.00898265
-5.6	0.0102407
-5.5	0.0116474
-5.4	0.0132163
-5.3	0.0149613
-5.2	0.0168968
-5.1	0.019038
-5	0.0214002
-4.9	0.0239992
-4.8	0.0268507
-4.7	0.0299708
-4.6	0.0333752
-4.5	0.0370794
-4.4	0.0410985
-4.3	0.0454469
-4.2	0.0501381
-4.1	0.0551846
-4	0.0605975
-3.9	0.0663864
-3.8	0.0725591
-3.7	0.0791213
-3.6	0.0860764
-3.5	0.0934253
-3.4	0.101166
-3.3	0.109294
-3.2	0.117802
-3.1	0.126677
-3	0.135905
-2.9	0.145468
-2.8	0.155344
-2.7	0.165506
-2.6	0.175925
-2.5	0.186568
-2.4	0.197398
-2.3	0.208375
-2.2	0.219454
-2.1	0.230589
-2	0.24173
-1.9	0.252826
-1.8	0.263822
-1.7	0.274661
-1.6	0.285288
-1.5	0.295644
-1.4	0.305671
-1.3	0.31531
-1.2	0.324506
-1.1	0.333202
-1	0.341345
-0.9	0.348883
-0.8	0.355768
-0.7	0.361955
-0.6	0.367404
-0.5	0.372079
-0.4	0.375948
-0.3	0.378985
-0.2	0.381169
-0.1	0.382485
0	0.382925
0.1	0.382485
0.2	0.381169
0.3	0.378985
0.4	0.375948
0.5	0.372079
0.6	0.367404
0.7	0.361955
0.8	0.355768
0.9	0.348883
1	0.341345
1.1	0.333202
1.2	0.324506
1.3	0.31531
1.4	0.305671
1.5	0.295644
1.6	0.285288
1.7	0.274661
1.8	0.263822
1.9	0.252826
2	0.24173
2.1	0.230589
2.2	0.219454
2.3	0.208375
2.4	0.197398
2.5	0.186568
2.6	0.175925
2.7	0.165506
2.8	0.155344
2.9	0.145468
3	0.135905
3.1	0.126677
3.2	0.117802
3.3	0.109294
3.4	0.101166
3.5	0.0934253
3.6	0.0860764
3.7	0.0791213
3.8	0.0725591
3.9	0.0663864
4	0.0605975
4.1	0.0551846
4.2	0.0501381
4.3	0.0454469
4.4	0.0410985
4.5	0.0370794
4.6	0.0333752
4.7	0.0299708
4.8	0.0268507
4.9	0.0239992
5	0.0214002
5.1	0.019038
5.2	0.0168968
5.3	0.0149613
5.4	0.0132163
5.5	0.0116474
5.6	0.0102407
5.7	0.00898265
5.8	0.00786061
5.9	0.00686252
6	0.00597704
6.1	0.00519353
6.2	0.00450208
6.3	0.00389347
6.4	0.00335917
6.5	0.00289135
6.6	0.00248278
6.7	0.0021269
6.8	0.00181772
6.9	0.00154979
7	0.00131823
7.1	0.0011186
7.2	0.000946946
7.3	0.000799729
7.4	0.000673792
7.5	0.000566337
7.6	0.000474884
7.7	0.000397251
7.8	0.000331517
7.9	0.000276
8	0.000229231
8.1	0.000189933
8.2	0.000156996
8.3	0.00012946
8.4	0.000106499
8.5	8.74002e-05
8.6	7.15547e-05
8.7	5.84416e-05
8.8	4.76172e-05
8.9	3.87045e-05
9	3.13846e-05
9.1	2.53879e-05
9.2	2.04877e-05
9.3	1.64935e-05
9.4	1.32461e-05
9.5	1.06125e-05
9.6	8.482e-06
9.7	6.7629e-06
9.8	5.37922e-06
9.9	4.26833e-06
10	3.37868e-06
