0	0
0.004	0.268224
0.008	0.18
0.012	0.140697
0.016	0.116
0.02	0.101702
0.024	0.090912
0.028	0.0837685
0.032	0.0777024
0.036	0.0733226
0.04	0.069313
0.044	0.0662506
0.048	0.0633181
0.052	0.0609959
0.056	0.0587445
0.06	0.0568593
0.064	0.055066
0.068	0.0534784
0.072	0.0519935
0.076	0.0506418
0.08	0.0493809
0.084	0.0482153
0.088	0.0471254
0.092	0.0461081
0.096	0.045153
0.1	0.0442556
0.104	0.0434094
0.108	0.0426103
0.112	0.0418536
0.116	0.0411361
0.12	0.0404542
0.124	0.0398051
0.128	0.0391863
0.132	0.0385953
0.136	0.0380302
0.14	0.0374888
0.144	0.0369697
0.148	0.0364711
0.152	0.0359917
0.156	0.0355302
0.16	0.0350853
0.164	0.0346559
0.168	0.0342412
0.172	0.0338401
0.176	0.0334517
0.18	0.0330754
0.184	0.0327104
0.188	0.0323561
0.192	0.0320117
0.196	0.0316768
0.2	0.0313507
0.204	0.0310331
0.208	0.0307235
0.212	0.0304215
0.216	0.0301266
0.22	0.0298385
0.224	0.0295568
0.228	0.0292814
0.232	0.0290117
0.236	0.0287477
0.24	0.028489
0.244	0.0282354
0.248	0.0279867
0.252	0.0277426
0.256	0.027503
0.26	0.0272677
0.264	0.0270366
0.268	0.0268094
0.272	0.026586
0.276	0.0263663
0.28	0.0261502
0.284	0.0259374
0.288	0.025728
0.292	0.0255218
0.296	0.0253187
0.3	0.0251186
0.304	0.0249214
0.308	0.024727
0.312	0.0245354
0.316	0.0243464
0.32	0.02416
0.324	0.0239761
0.328	0.0237947
0.332	0.0236157
0.336	0.023439
0.34	0.0232645
0.344	0.0230923
0.348	0.0229223
0.352	0.0227543
0.356	0.0225885
0.36	0.0224246
0.364	0.0222628
0.368	0.0221028
0.372	0.0219478
0.376	0.0218022
0.38	0.0216583
0.384	0.0215159
0.388	0.0213751
0.392	0.0212358
0.396	0.021098
0.4	0.0209616
0.404	0.0208267
0.408	0.0206932
0.412	0.020561
0.416	0.0204303
0.42	0.0203008
0.424	0.0201727
0.428	0.0200459
0.432	0.0199203
0.436	0.019796
0.44	0.0196729
0.444	0.019551
0.448	0.0194304
0.452	0.0193109
0.456	0.0191925
0.46	0.0190753
0.464	0.0189593
0.468	0.0188443
0.472	0.0187304
0.476	0.0186176
0.48	0.0185059
0.484	0.0183952
0.488	0.0182856
0.492	0.018177
0.496	0.0180694
0.5	0.0179627
0.504	0.0178571
0.508	0.0177524
0.512	0.0176557
0.516	0.0175603
0.52	0.0174657
0.524	0.0173718
0.528	0.0172787
0.532	0.0171864
0.536	0.0170948
0.54	0.017004
0.544	0.0169139
0.548	0.0168245
0.552	0.0167358
0.556	0.0166479
0.56	0.0165606
0.564	0.0164741
0.568	0.0163882
0.572	0.016303
0.576	0.0162185
0.58	0.0161347
0.584	0.0160515
0.588	0.015969
0.592	0.0158871
0.596	0.0158059
0.6	0.0157253
0.604	0.0156453
0.608	0.0155659
0.612	0.0154872
0.616	0.0154091
0.62	0.0153315
0.624	0.0152546
0.628	0.0151783
0.632	0.0151025
0.636	0.0150273
0.64	0.0149527
0.644	0.0148787
0.648	0.0148094
0.652	0.0147415
0.656	0.0146742
0.66	0.0146073
0.664	0.0145408
0.668	0.0144748
0.672	0.0144092
0.676	0.0143441
0.68	0.0142794
0.684	0.0142152
0.688	0.0141514
0.692	0.014088
0.696	0.014025
0.7	0.0139625
0.704	0.0139003
0.708	0.0138386
0.712	0.0137773
0.716	0.0137164
0.72	0.0136559
0.724	0.0135959
0.728	0.0135362
0.732	0.0134769
0.736	0.013418
0.74	0.0133595
0.744	0.0133013
0.748	0.0132436
0.752	0.0131862
0.756	0.0131292
0.76	0.0130726
0.764	0.0130164
0.768	0.0129605
0.772	0.012905
0.776	0.0128498
0.78	0.012795
0.784	0.0127406
0.788	0.0126875
0.792	0.0126374
0.796	0.0125875
0.8	0.012538
0.804	0.0124887
0.808	0.0124397
0.812	0.012391
0.816	0.0123426
0.82	0.0122945
0.824	0.0122466
0.828	0.012199
0.832	0.0121517
0.836	0.0121046
0.84	0.0120579
0.844	0.0120114
0.848	0.0119651
0.852	0.0119192
0.856	0.0118735
0.86	0.011828
0.864	0.0117828
0.868	0.0117379
0.872	0.0116932
0.876	0.0116488
0.88	0.0116046
0.884	0.0115607
0.888	0.0115171
0.892	0.0114737
0.896	0.0114305
0.9	0.0113876
0.904	0.0113449
0.908	0.0113025
0.912	0.0112603
0.916	0.0112183
0.92	0.0111766
0.924	0.0111351
0.928	0.0110938
0.932	0.0110528
0.936	0.011012
0.94	0.0109736
0.944	0.0109358
0.948	0.0108982
0.952	0.0108608
0.956	0.0108236
0.96	0.0107866
0.964	0.0107497
0.968	0.010713
0.972	0.0106766
0.976	0.0106403
0.98	0.0106042
0.984	0.0105682
0.988	0.0105325
0.992	0.0104969
0.996	0.0104615
1	0.0104263
1.004	0.0103913
1.008	0.0103564
1.012	0.0103217
1.016	0.0102872
1.02	0.0102529
1.024	0.0102187
1.028	0.0101847
1.032	0.0101508
1.036	0.0101172
1.04	0.0100837
1.044	0.0100504
1.048	0.0100172
1.052	0.00998419
1.056	0.00995135
1.06	0.00991868
1.064	0.00988617
1.068	0.00985381
1.072	0.00982162
1.076	0.00978959
1.08	0.00975771
1.084	0.009726
1.088	0.00969444
1.092	0.00966303
1.096	0.00963219
1.1	0.00960296
1.104	0.00957386
1.108	0.00954489
1.112	0.00951605
1.116	0.00948733
1.12	0.00945874
1.124	0.00943028
1.128	0.00940195
1.132	0.00937374
1.136	0.00934565
1.14	0.00931769
1.144	0.00928985
1.148	0.00926214
1.152	0.00923454
1.156	0.00920707
1.16	0.00917972
1.164	0.0091525
1.168	0.00912539
1.172	0.0090984
1.176	0.00907153
1.18	0.00904477
1.184	0.00901814
1.188	0.00899162
1.192	0.00896522
1.196	0.00893894
1.2	0.00891277
1.204	0.00888671
1.208	0.00886077
1.212	0.00883494
1.216	0.00880923
1.22	0.00878363
1.224	0.00875814
1.228	0.00873276
1.232	0.00870749
1.236	0.00868234
1.24	0.00865729
1.244	0.00863235
1.248	0.00860752
1.252	0.0085828
1.256	0.00855819
1.26	0.00853368
1.264	0.00850975
1.268	0.00848684
1.272	0.00846401
1.276	0.00844128
1.28	0.00841864
1.284	0.00839608
1.288	0.00837362
1.292	0.00835124
1.296	0.00832895
1.3	0.00830675
1.304	0.00828464
1.308	0.00826261
1.312	0.00824067
1.316	0.00821881
1.32	0.00819704
1.324	0.00817536
1.328	0.00815376
1.332	0.00813224
1.336	0.00811081
1.34	0.00808947
1.344	0.0080682
1.348	0.00804702
1.352	0.00802593
1.356	0.00800491
1.36	0.00798398
1.364	0.00796313
1.368	0.00794236
1.372	0.00792167
1.376	0.00790107
1.38	0.00788054
1.384	0.00786009
1.388	0.00783973
1.392	0.00781944
1.396	0.00779923
1.4	0.0077791
1.404	0.00775905
1.408	0.00773907
1.412	0.00771917
1.416	0.00769936
1.42	0.00767961
1.424	0.00765995
1.428	0.00764036
1.432	0.00762084
1.436	0.0076014
1.44	0.00758215
1.444	0.00756391
1.448	0.00754573
1.452	0.00752761
1.456	0.00750955
1.46	0.00749156
1.464	0.00747363
1.468	0.00745577
1.472	0.00743797
1.476	0.00742023
1.48	0.00740255
1.484	0.00738494
1.488	0.00736738
1.492	0.00734989
1.496	0.00733246
1.5	0.00731509
1.504	0.00729779
1.508	0.00728054
1.512	0.00726335
1.516	0.00724623
1.52	0.00722916
1.524	0.00721215
1.528	0.00719521
1.532	0.00717832
1.536	0.00716149
1.54	0.00714472
1.544	0.00712801
1.548	0.00711136
1.552	0.00709476
1.556	0.00707823
1.56	0.00706175
1.564	0.00704532
1.568	0.00702896
1.572	0.00701265
1.576	0.0069964
1.58	0.00698021
1.584	0.00696407
1.588	0.00694799
1.592	0.00693197
1.596	0.006916
1.6	0.00690008
1.604	0.00688422
1.608	0.00686842
1.612	0.00685267
1.616	0.00683698
1.62	0.00682134
1.624	0.00680575
1.628	0.00679061
1.632	0.00677593
1.636	0.00676129
1.64	0.0067467
1.644	0.00673215
1.648	0.00671765
1.652	0.0067032
1.656	0.00668879
1.66	0.00667443
1.664	0.00666011
1.668	0.00664584
1.672	0.00663162
1.676	0.00661743
1.68	0.0066033
1.684	0.00658921
1.688	0.00657516
1.692	0.00656116
1.696	0.0065472
1.7	0.00653328
1.704	0.00651941
1.708	0.00650558
1.712	0.0064918
1.716	0.00647806
1.72	0.00646436
1.724	0.00645071
1.728	0.0064371
1.732	0.00642353
1.736	0.00641001
1.74	0.00639653
1.744	0.00638309
1.748	0.00636969
1.752	0.00635633
1.756	0.00634302
1.76	0.00632975
1.764	0.00631652
1.768	0.00630333
1.772	0.00629018
1.776	0.00627707
1.78	0.00626401
1.784	0.00625099
1.788	0.006238
1.792	0.00622506
1.796	0.00621216
1.8	0.0061993
1.804	0.00618647
1.808	0.00617369
1.812	0.00616095
1.816	0.00614825
1.82	0.00613559
1.824	0.00612324
1.828	0.00611128
1.832	0.00609934
1.836	0.00608744
1.84	0.00607558
1.844	0.00606374
1.848	0.00605195
1.852	0.00604018
1.856	0.00602845
1.86	0.00601675
1.864	0.00600509
1.868	0.00599346
1.872	0.00598186
1.876	0.0059703
1.88	0.00595877
1.884	0.00594727
1.888	0.00593581
1.892	0.00592438
1.896	0.00591298
1.9	0.00590161
1.904	0.00589027
1.908	0.00587897
1.912	0.0058677
1.916	0.00585647
1.92	0.00584526
1.924	0.00583409
1.928	0.00582294
1.932	0.00581183
1.936	0.00580076
1.94	0.00578971
1.944	0.00577869
1.948	0.00576771
1.952	0.00575676
1.956	0.00574584
1.96	0.00573495
1.964	0.00572409
1.968	0.00571326
1.972	0.00570246
1.976	0.00569169
1.98	0.00568096
1.984	0.00567025
1.988	0.00565957
1.992	0.00564893
1.996	0.00563831
2	0.00562773
