-10	-5.26047e-07
-9.9	1.05209e-06
-9.8	2.68031e-06
-9.7	4.43558e-06
-9.6	6.39961e-06
-9.5	8.66183e-06
-9.4	1.13225e-05
-9.3	1.44962e-05
-9.2	1.83157e-05
-9.1	2.2936e-05
-9	2.85391e-05
-8.9	3.53393e-05
-8.8	4.35896e-05
-8.7	5.35879e-05
-8.6	6.56851e-05
-8.5	8.02936e-05
-8.4	9.78973e-05
-8.3	0.000119062
-8.2	0.000144449
-8.1	0.000174827
-8	0.000211088
-7.9	0.000254266
-7.8	0.000305552
-7.7	0.000366316
-7.6	0.000438129
-7.5	0.000522788
-7.4	0.000622339
-7.3	0.000739106
-7.2	0.000875719
-7.1	0.00103515
-7	0.00122073
-6.9	0.0014362
-6.8	0.00168574
-6.7	0.001974
-6.6	0.00230612
-6.5	0.00268782
-6.4	0.00312534
-6.3	0.00362557
-6.2	0.004196
-6.1	0.00484482
-6	0.00558086
-5.9	0.00641368
-5.8	0.00735353
-5.7	0.00841139
-5.6	0.00959893
-5.5	0.0109285
-5.4	0.0124132
-5.3	0.0140667
-5.2	0.0159031
-5.1	0.0179374
-5	0.0201847
-4.9	0.0226606
-4.8	0.0253808
-4.7	0.0283613
-4.6	0.031618
-4.5	0.0351666
-4.4	0.0390224
-4.3	0.0432003
-4.2	0.0477142
-4.1	0.0525772
-4	0.0578012
-3.9	0.0633966
-3.8	0.0693722
-3.7	0.0757349
-3.6	0.0824893
-3.5	0.0896378
-3.4	0.0971798
-3.3	0.105112
-3.2	0.113429
-3.1	0.12212
-3	0.131173
-2.9	0.140571
-2.8	0.150294
-2.7	0.160318
-2.6	0.170615
-2.5	0.181153
-2.4	0.191899
-2.3	0.202813
-2.2	0.213852
-2.1	0.224973
-2	0.236125
-1.9	0.247259
-1.8	0.258321
-1.7	0.269256
-1.6	0.280007
-1.5	0.290516
-1.4	0.300726
-1.3	0.310578
-1.2	0.320015
-1.1	0.328979
-1	0.337416
-0.9	0.345273
-0.8	0.3525
-0.7	0.359051
-0.6	0.364883
-0.5	0.369957
-0.4	0.374239
-0.3	0.3777
-0.2	0.380316
-0.1	0.382071
0	0.382951
0.1	0.382951
0.2	0.382071
0.3	0.380316
0.4	0.3777
0.5	0.374239
0.6	0.369957
0.7	0.364883
0.8	0.359051
0.9	0.3525
1	0.345273
1.1	0.337416
1.2	0.328979
1.3	0.320015
1.4	0.310578
1.5	0.300726
1.6	0.290516
1.7	0.280007
1.8	0.269256
1.9	0.258321
2	0.247259
2.1	0.236125
2.2	0.224973
2.3	0.213852
2.4	0.202813
2.5	0.191899
2.6	0.181153
2.7	0.170615
2.8	0.160318
2.9	0.150294
3	0.140571
3.1	0.131173
3.2	0.12212
3.3	0.113429
3.4	0.105112
3.5	0.0971798
3.6	0.0896378
3.7	0.0824893
3.8	0.0757349
3.9	0.0693722
4	0.0633966
4.1	0.0578012
4.2	0.0525772
4.3	0.0477142
4.4	0.0432003
4.5	0.0390224
4.6	0.0351666
4.7	0.031618
4.8	0.0283613
4.9	0.0253808
5	0.0226606
5.1	0.0201847
5.2	0.0179374
5.3	0.0159031
5.4	0.0140667
5.5	0.0124132
5.6	0.0109285
5.7	0.00959893
5.8	0.00841139
5.9	0.00735353
6	0.00641368
6.1	0.00558086
6.2	0.00484482
6.3	0.004196
6.4	0.00362557
6.5	0.00312534
6.6	0.00268782
6.7	0.00230612
6.8	0.001974
6.9	0.00168574
7	0.0014362
7.1	0.00122073
7.2	0.00103515
7.3	0.000875718
7.4	0.000739104
7.5	0.000622336
7.6	0.000522784
7.7	0.000438124
7.8	0.000366309
7.9	0.000305542
8	0.000254254
8.1	0.000211072
8.2	0.000174806
8.3	0.000144422
8.4	0.000119027
8.5	9.78511e-05
8.6	8.02339e-05
8.7	6.5608e-05
8.8	5.34886e-05
8.9	4.3462e-05
9	3.51758e-05
9.1	2.833e-05
9.2	2.26694e-05
9.3	1.79765e-05
9.4	1.40657e-05
9.5	1.07775e-05
9.6	7.97346e-06
9.7	5.53237e-06
9.8	3.34563e-06
9.9	1.31382e-06
10	-6.56909e-07
