-10	0
-9.9	0
-9.8	0
-9.7	0
-9.6	0
-9.5	0
-9.4	0
-9.3	0
-9.2	0
-9.1	0
-9	0
-8.9	0
-8.8	0
-8.7	0
-8.6	0
-8.5	0
-8.4	0
-8.3	0
-8.2	0
-8.1	0
-8	0
-7.9	0
-7.8	0
-7.7	0
-7.6	0
-7.5	0
-7.4	0
-7.3	0
-7.2	0
-7.1	0
-7	0
-6.9	0
-6.8	0
-6.7	0
-6.6	0
-6.5	0
-6.4	0
-6.3	0
-6.2	0
-6.1	0
-6	0
-5.9	0
-5.8	0
-5.7	0
-5.6	0
-5.5	0
-5.4	0
-5.3	0
-5.2	0
-5.1	0
-5	0
-4.9	0
-4.8	0
-4.7	0
-4.6	0
-4.5	0
-4.4	0
-4.3	0
-4.2	0
-4.1	0
-4	0
-3.9	0
-3.8	0
-3.7	0
-3.6	0
-3.5	0
-3.4	0
-3.3	0
-3.2	0
-3.1	0
-3	0
-2.9	0
-2.8	0
-2.7	0
-2.6	0
-2.5	0
-2.4	0
-2.3	2.71051e-20
-2.2	1.07607e-17
-2.1	3.67891e-15
-2	7.6873e-13
-1.9	9.8308e-11
-1.8	7.70863e-09
-1.7	3.71549e-07
-1.6	1.10452e-05
-1.5	0.000203476
-1.4	0.00233887
-1.3	0.0169474
-1.2	0.0786496
-1.1	0.23975
-1	0.5
-0.9	0.76025
-0.8	0.92135
-0.7	0.983053
-0.6	0.997661
-0.5	0.999797
-0.4	0.999989
-0.3	1
-0.2	1
-0.1	1
0	1
0.1	1
0.2	1
0.3	1
0.4	0.999989
0.5	0.999797
0.6	0.997661
0.7	0.983053
0.8	0.92135
0.9	0.76025
1	0.5
1.1	0.23975
1.2	0.0786496
1.3	0.0169474
1.4	0.00233887
1.5	0.000203476
1.6	1.10452e-05
1.7	3.71549e-07
1.8	7.70863e-09
1.9	9.8308e-11
2	7.6873e-13
2.1	3.67891e-15
2.2	1.07607e-17
2.3	2.71051e-20
2.4	0
2.5	0
2.6	0
2.7	0
2.8	0
2.9	0
3	0
3.1	0
3.2	0
3.3	0
3.4	0
3.5	0
3.6	0
3.7	0
3.8	0
3.9	0
4	0
4.1	0
4.2	0
4.3	0
4.4	0
4.5	0
4.6	0
4.7	0
4.8	0
4.9	0
5	0
5.1	0
5.2	0
5.3	0
5.4	0
5.5	0
5.6	0
5.7	0
5.8	0
5.9	0
6	0
6.1	0
6.2	0
6.3	0
6.4	0
6.5	0
6.6	0
6.7	0
6.8	0
6.9	0
7	0
7.1	0
7.2	0
7.3	0
7.4	0
7.5	0
7.6	0
7.7	0
7.8	0
7.9	0
8	0
8.1	0
8.2	0
8.3	0
8.4	0
8.5	0
8.6	0
8.7	0
8.8	0
8.9	0
9	0
9.1	0
9.2	0
9.3	0
9.4	0
9.5	0
9.6	0
9.7	0
9.8	0
9.9	0
10	0
