-10	1.20701e-10
-9.9	1.90005e-10
-9.8	2.97657e-10
-9.7	4.64053e-10
-9.6	7.19976e-10
-9.5	1.11165e-09
-9.4	1.70814e-09
-9.3	2.61203e-09
-9.2	3.975e-09
-9.1	6.02007e-09
-9	9.07343e-09
-8.9	1.36097e-08
-8.8	2.03158e-08
-8.7	3.01807e-08
-8.6	4.46206e-08
-8.5	6.56529e-08
-8.4	9.6136e-08
-8.3	1.40098e-07
-8.2	2.03187e-07
-8.1	2.93277e-07
-8	4.21287e-07
-7.9	6.02281e-07
-7.8	8.56926e-07
-7.7	1.21342e-06
-7.6	1.71004e-06
-7.5	2.39843e-06
-7.4	3.34795e-06
-7.3	4.65117e-06
-7.2	6.431e-06
-7.1	8.84972e-06
-7	1.21204e-05
-6.9	1.65214e-05
-6.8	2.24138e-05
-6.7	3.02642e-05
-6.6	4.06713e-05
-6.5	5.43997e-05
-6.4	7.24194e-05
-6.3	9.59549e-05
-6.2	0.000126542
-6.1	0.000166097
-6	0.000216995
-5.9	0.000282164
-5.8	0.000365191
-5.7	0.000470445
-5.6	0.000603212
-5.5	0.000769853
-5.4	0.000977967
-5.3	0.00123658
-5.2	0.00155635
-5.1	0.00194977
-5	0.00243136
-4.9	0.00301796
-4.8	0.00372887
-4.7	0.00458611
-4.6	0.00561462
-4.5	0.00684239
-4.4	0.00830062
-4.3	0.0100238
-4.2	0.0120498
-4.1	0.0144197
-4	0.0171777
-3.9	0.0203708
-3.8	0.0240489
-3.7	0.0282637
-3.6	0.0330684
-3.5	0.038517
-3.4	0.0446635
-3.3	0.0515605
-3.2	0.0592586
-3.1	0.0678049
-3	0.0772413
-2.9	0.0876037
-2.8	0.0989201
-2.7	0.111209
-2.6	0.124479
-2.5	0.138725
-2.4	0.15393
-2.3	0.170061
-2.2	0.18707
-2.1	0.204892
-2	0.223447
-1.9	0.242636
-1.8	0.262344
-1.7	0.282441
-1.6	0.302781
-1.5	0.323205
-1.4	0.343542
-1.3	0.363611
-1.2	0.383224
-1.1	0.40219
-1	0.420315
-0.9	0.437408
-0.8	0.453283
-0.7	0.467762
-0.6	0.480679
-0.5	0.491883
-0.4	0.501242
-0.3	0.508643
-0.2	0.513995
-0.1	0.517233
0	0.518317
0.1	0.517233
0.2	0.513995
0.3	0.508643
0.4	0.501242
0.5	0.491883
0.6	0.480679
0.7	0.467762
0.8	0.453283
0.9	0.437408
1	0.420315
1.1	0.40219
1.2	0.383224
1.3	0.363611
1.4	0.343542
1.5	0.323205
1.6	0.302781
1.7	0.282441
1.8	0.262344
1.9	0.242636
2	0.223447
2.1	0.204892
2.2	0.18707
2.3	0.170061
2.4	0.15393
2.5	0.138725
2.6	0.124479
2.7	0.111209
2.8	0.0989201
2.9	0.0876037
3	0.0772413
3.1	0.0678049
3.2	0.0592586
3.3	0.0515605
3.4	0.0446635
3.5	0.038517
3.6	0.0330684
3.7	0.0282637
3.8	0.0240489
3.9	0.0203708
4	0.0171777
4.1	0.0144197
4.2	0.0120498
4.3	0.0100238
4.4	0.00830062
4.5	0.00684239
4.6	0.00561462
4.7	0.00458611
4.8	0.00372887
4.9	0.00301796
5	0.00243136
5.1	0.00194977
5.2	0.00155635
5.3	0.00123658
5.4	0.000977967
5.5	0.000769853
5.6	0.000603212
5.7	0.000470445
5.8	0.000365191
5.9	0.000282164
6	0.000216995
6.1	0.000166097
6.2	0.000126542
6.3	9.59549e-05
6.4	7.24194e-05
6.5	5.43997e-05
6.6	4.06713e-05
6.7	3.02642e-05
6.8	2.24138e-05
6.9	1.65214e-05
7	1.21204e-05
7.1	8.84972e-06
7.2	6.431e-06
7.3	4.65117e-06
7.4	3.34795e-06
7.5	2.39843e-06
7.6	1.71004e-06
7.7	1.21342e-06
7.8	8.56926e-07
7.9	6.02281e-07
8	4.21287e-07
8.1	2.93277e-07
8.2	2.03187e-07
8.3	1.40098e-07
8.4	9.6136e-08
8.5	6.56529e-08
8.6	4.46206e-08
8.7	3.01807e-08
8.8	2.03158e-08
8.9	1.36097e-08
9	9.07343e-09
9.1	6.02007e-09
9.2	3.975e-09
9.3	2.61203e-09
9.4	1.70814e-09
9.5	1.11165e-09
9.6	7.19976e-10
9.7	4.64053e-10
9.8	2.97657e-10
9.9	1.90005e-10
10	1.20701e-10
