-10	-4.65464e-11
-9.9	9.30928e-11
-9.8	2.49833e-10
-9.7	4.52148e-10
-9.6	7.3598e-10
-9.5	1.15046e-09
-9.4	1.76551e-09
-9.3	2.68231e-09
-9.2	4.04807e-09
-9.1	6.07691e-09
-9	9.07934e-09
-8.9	1.35039e-08
-8.8	1.99957e-08
-8.7	2.94781e-08
-8.6	4.32664e-08
-8.5	6.32251e-08
-8.4	9.19839e-08
-8.3	1.33234e-07
-8.2	1.92131e-07
-8.1	2.75837e-07
-8	3.94257e-07
-7.9	5.61014e-07
-7.8	7.94753e-07
-7.7	1.12086e-06
-7.6	1.57373e-06
-7.5	2.19971e-06
-7.4	3.06093e-06
-7.3	4.24025e-06
-7.2	5.84762e-06
-7.1	8.02809e-06
-7	1.09721e-05
-6.9	1.49283e-05
-6.8	2.02195e-05
-6.7	2.72628e-05
-6.6	3.65938e-05
-6.5	4.8897e-05
-6.4	6.50416e-05
-6.3	8.6126e-05
-6.2	0.00011353
-6.1	0.000148977
-6	0.000194609
-5.9	0.000253067
-5.8	0.000327597
-5.7	0.00042216
-5.6	0.000541559
-5.5	0.000691585
-5.4	0.000879181
-5.3	0.00111261
-5.2	0.00140166
-5.1	0.00175783
-5	0.00219456
-4.9	0.00272743
-4.8	0.00337441
-4.7	0.00415607
-4.6	0.00509575
-4.5	0.00621982
-4.4	0.00755775
-4.3	0.00914228
-4.2	0.0110095
-4.1	0.0131987
-4	0.0157525
-3.9	0.0187165
-3.8	0.0221392
-3.7	0.0260713
-3.6	0.0305653
-3.5	0.035675
-3.4	0.0414547
-3.3	0.0479578
-3.2	0.0552363
-3.1	0.0633394
-3	0.0723121
-2.9	0.0821937
-2.8	0.0930169
-2.7	0.104805
-2.6	0.117573
-2.5	0.131323
-2.4	0.146044
-2.3	0.161711
-2.2	0.178286
-2.1	0.195711
-2	0.213916
-1.9	0.232809
-1.8	0.252285
-1.7	0.272221
-1.6	0.292479
-1.5	0.312905
-1.4	0.333334
-1.3	0.35359
-1.2	0.373487
-1.1	0.392835
-1	0.411439
-0.9	0.429107
-0.8	0.445649
-0.7	0.46088
-0.6	0.47463
-0.5	0.486737
-0.4	0.49706
-0.3	0.505473
-0.2	0.511875
-0.1	0.516188
0	0.518358
0.1	0.518358
0.2	0.516188
0.3	0.511875
0.4	0.505473
0.5	0.49706
0.6	0.486737
0.7	0.47463
0.8	0.46088
0.9	0.445649
1	0.429107
1.1	0.411439
1.2	0.392835
1.3	0.373487
1.4	0.35359
1.5	0.333334
1.6	0.312905
1.7	0.292479
1.8	0.272221
1.9	0.252285
2	0.232809
2.1	0.213916
2.2	0.195711
2.3	0.178286
2.4	0.161711
2.5	0.146044
2.6	0.131323
2.7	0.117573
2.8	0.104805
2.9	0.0930169
3	0.0821937
3.1	0.0723121
3.2	0.0633394
3.3	0.0552363
3.4	0.0479578
3.5	0.0414547
3.6	0.035675
3.7	0.0305653
3.8	0.0260713
3.9	0.0221392
4	0.0187165
4.1	0.0157525
4.2	0.0131987
4.3	0.0110095
4.4	0.00914228
4.5	0.00755775
4.6	0.00621982
4.7	0.00509575
4.8	0.00415607
4.9	0.00337441
5	0.00272743
5.1	0.00219456
5.2	0.00175783
5.3	0.00140166
5.4	0.00111261
5.5	0.000879181
5.6	0.000691585
5.7	0.000541559
5.8	0.00042216
5.9	0.000327597
6	0.000253067
6.1	0.000194609
6.2	0.000148977
6.3	0.00011353
6.4	8.6126e-05
6.5	6.50416e-05
6.6	4.8897e-05
6.7	3.65938e-05
6.8	2.72628e-05
6.9	2.02195e-05
7	1.49283e-05
7.1	1.09721e-05
7.2	8.02809e-06
7.3	5.84762e-06
7.4	4.24025e-06
7.5	3.06093e-06
7.6	2.19971e-06
7.7	1.57373e-06
7.8	1.12086e-06
7.9	7.94753e-07
8	5.61014e-07
8.1	3.94257e-07
8.2	2.75837e-07
8.3	1.92131e-07
8.4	1.33234e-07
8.5	9.19837e-08
8.6	6.32248e-08
8.7	4.3266e-08
8.8	2.94774e-08
8.9	1.99946e-08
9	1.35021e-08
9.1	9.07643e-09
9.2	6.07227e-09
9.3	4.04072e-09
9.4	2.6707e-09
9.5	1.74725e-09
9.6	1.12188e-09
9.7	6.91417e-10
9.8	3.82969e-10
9.9	1.42909e-10
10	-7.14543e-11
