-10	-2.16102e-52
-9.9	4.32204e-52
-9.8	1.94492e-51
-9.7	7.34747e-51
-9.6	2.74449e-50
-9.5	1.02432e-49
-9.4	3.82284e-49
-9.3	1.4267e-48
-9.2	5.32454e-48
-9.1	1.98714e-47
-9	7.41612e-47
-8.9	2.76773e-46
-8.8	1.03293e-45
-8.7	3.85496e-45
-8.6	1.43869e-44
-8.5	5.36926e-44
-8.4	2.00384e-43
-8.3	7.47842e-43
-8.2	2.79098e-42
-8.1	1.04161e-41
-8	3.88734e-41
-7.9	1.45077e-40
-7.8	5.41436e-40
-7.7	2.02067e-39
-7.6	7.54123e-39
-7.5	2.81443e-38
-7.4	1.05036e-37
-7.3	3.91999e-37
-7.2	1.46296e-36
-7.1	5.45984e-36
-7	2.03764e-35
-6.9	7.60458e-35
-6.8	2.83807e-34
-6.7	1.05918e-33
-6.6	3.95292e-33
-6.5	1.47525e-32
-6.4	5.50571e-32
-6.3	2.05476e-31
-6.2	7.66846e-31
-6.1	2.86191e-30
-6	1.06808e-29
-5.9	3.98612e-29
-5.8	1.48764e-28
-5.7	5.55195e-28
-5.6	2.07202e-27
-5.5	7.73287e-27
-5.4	2.88595e-26
-5.3	1.07705e-25
-5.2	4.01961e-25
-5.1	1.50014e-24
-5	5.59859e-24
-4.9	2.08942e-23
-4.8	7.79783e-23
-4.7	2.91019e-22
-4.6	1.0861e-21
-4.5	4.05337e-21
-4.4	1.51274e-20
-4.3	5.64562e-20
-4.2	2.10697e-19
-4.1	7.86333e-19
-4	2.93464e-18
-3.9	1.09522e-17
-3.8	4.08742e-17
-3.7	1.52545e-16
-3.6	5.69304e-16
-3.5	2.12467e-15
-3.4	7.92938e-15
-3.3	2.95929e-14
-3.2	1.10442e-13
-3.1	4.12175e-13
-3	1.53826e-12
-2.9	5.74086e-12
-2.8	2.14252e-11
-2.7	7.99599e-11
-2.6	2.98414e-10
-2.5	1.1137e-09
-2.4	4.15638e-09
-2.3	1.55118e-08
-2.2	5.78909e-08
-2.1	2.16052e-07
-2	8.06316e-07
-1.9	3.00921e-06
-1.8	1.12305e-05
-1.7	4.19129e-05
-1.6	0.000156421
-1.5	0.000583771
-1.4	0.00217866
-1.3	0.00813089
-1.2	0.0303449
-1.1	0.113249
-1	0.42265
-0.9	0.57735
-0.8	0.886751
-0.7	0.969655
-0.6	0.991869
-0.5	0.997821
-0.4	0.999416
-0.3	0.999844
-0.2	0.999958
-0.1	0.999989
0	0.999996
0.1	0.999996
0.2	0.999989
0.3	0.999958
0.4	0.999844
0.5	0.999416
0.6	0.997821
0.7	0.991869
0.8	0.969655
0.9	0.886751
1	0.57735
1.1	0.42265
1.2	0.113249
1.3	0.0303449
1.4	0.00813089
1.5	0.00217866
1.6	0.000583771
1.7	0.000156421
1.8	4.19129e-05
1.9	1.12305e-05
2	3.00921e-06
2.1	8.06316e-07
2.2	2.16052e-07
2.3	5.78909e-08
2.4	1.55118e-08
2.5	4.15638e-09
2.6	1.1137e-09
2.7	2.98414e-10
2.8	7.99599e-11
2.9	2.14252e-11
3	5.74086e-12
3.1	1.53826e-12
3.2	4.12175e-13
3.3	1.10442e-13
3.4	2.95929e-14
3.5	7.92938e-15
3.6	2.12467e-15
3.7	5.69304e-16
3.8	1.52545e-16
3.9	4.08742e-17
4	1.09522e-17
4.1	2.93464e-18
4.2	7.86333e-19
4.3	2.10697e-19
4.4	5.64562e-20
4.5	1.51274e-20
4.6	4.05337e-21
4.7	1.0861e-21
4.8	2.91019e-22
4.9	7.79783e-23
5	2.08942e-23
5.1	5.59859e-24
5.2	1.50014e-24
5.3	4.01961e-25
5.4	1.07705e-25
5.5	2.88595e-26
5.6	7.73287e-27
5.7	2.07202e-27
5.8	5.55195e-28
5.9	1.48764e-28
6	3.98612e-29
6.1	1.06808e-29
6.2	2.86191e-30
6.3	7.66846e-31
6.4	2.05476e-31
6.5	5.50571e-32
6.6	1.47525e-32
6.7	3.95292e-33
6.8	1.05918e-33
6.9	2.83807e-34
7	7.60458e-35
7.1	2.03764e-35
7.2	5.45984e-36
7.3	1.46296e-36
7.4	3.91999e-37
7.5	1.05036e-37
7.6	2.81443e-38
7.7	7.54123e-39
7.8	2.02067e-39
7.9	5.41436e-40
8	1.45077e-40
8.1	3.88734e-41
8.2	1.04161e-41
8.3	2.79098e-42
8.4	7.47842e-43
8.5	2.00384e-43
8.6	5.36926e-44
8.7	1.43869e-44
8.8	3.85496e-45
8.9	1.03293e-45
9	2.76773e-46
9.1	7.41612e-47
9.2	1.98714e-47
9.3	5.32454e-48
9.4	1.4267e-48
9.5	3.82283e-49
9.6	1.02426e-49
9.7	2.74211e-50
9.8	7.25853e-51
9.9	1.61301e-51
10	-8.06503e-52
