0	0
0.01	0.268224
0.02	0.18
0.03	0.140697
0.04	0.116
0.05	0.101702
0.06	0.090912
0.07	0.0837685
0.08	0.0777024
0.09	0.0733226
0.1	0.069313
0.11	0.0662506
0.12	0.0633181
0.13	0.0609959
0.14	0.0587445
0.15	0.0568593
0.16	0.055066
0.17	0.0534784
0.18	0.0519935
0.19	0.0506418
0.2	0.0493809
0.21	0.0482153
0.22	0.0471254
0.23	0.0461081
0.24	0.045153
0.25	0.0442556
0.26	0.0434094
0.27	0.0426103
0.28	0.0418536
0.29	0.0411361
0.3	0.0404542
0.31	0.0398051
0.32	0.0391863
0.33	0.0385953
0.34	0.0380302
0.35	0.0374888
0.36	0.0369697
0.37	0.0364711
0.38	0.0359917
0.39	0.0355302
0.4	0.0350853
0.41	0.0346559
0.42	0.0342412
0.43	0.0338401
0.44	0.0334517
0.45	0.0330754
0.46	0.0327104
0.47	0.0323561
0.48	0.0320117
0.49	0.0316768
0.5	0.0313507
0.51	0.0310331
0.52	0.0307235
0.53	0.0304215
0.54	0.0301266
0.55	0.0298385
0.56	0.0295568
0.57	0.0292814
0.58	0.0290117
0.59	0.0287477
0.6	0.028489
0.61	0.0282354
0.62	0.0279867
0.63	0.0277426
0.64	0.027503
0.65	0.0272677
0.66	0.0270366
0.67	0.0268094
0.68	0.026586
0.69	0.0263663
0.7	0.0261502
0.71	0.0259374
0.72	0.025728
0.73	0.0255218
0.74	0.0253187
0.75	0.0251186
0.76	0.0249214
0.77	0.024727
0.78	0.0245354
0.79	0.0243464
0.8	0.02416
0.81	0.0239761
0.82	0.0237947
0.83	0.0236157
0.84	0.023439
0.85	0.0232645
0.86	0.0230923
0.87	0.0229223
0.88	0.0227543
0.89	0.0225885
0.9	0.0224246
0.91	0.0222628
0.92	0.0221028
0.93	0.0219478
0.94	0.0218022
0.95	0.0216583
0.96	0.0215159
0.97	0.0213751
0.98	0.0212358
0.99	0.021098
1	0.0209616
1.01	0.0208267
1.02	0.0206932
1.03	0.020561
1.04	0.0204303
1.05	0.0203008
1.06	0.0201727
1.07	0.0200459
1.08	0.0199203
1.09	0.019796
1.1	0.0196729
1.11	0.019551
1.12	0.0194304
1.13	0.0193109
1.14	0.0191925
1.15	0.0190753
1.16	0.0189593
1.17	0.0188443
1.18	0.0187304
1.19	0.0186176
1.2	0.0185059
1.21	0.0183952
1.22	0.0182856
1.23	0.018177
1.24	0.0180694
1.25	0.0179627
1.26	0.0178571
1.27	0.0177524
1.28	0.0176557
1.29	0.0175603
1.3	0.0174657
1.31	0.0173718
1.32	0.0172787
1.33	0.0171864
1.34	0.0170948
1.35	0.017004
1.36	0.0169139
1.37	0.0168245
1.38	0.0167358
1.39	0.0166479
1.4	0.0165606
1.41	0.0164741
1.42	0.0163882
1.43	0.016303
1.44	0.0162185
1.45	0.0161347
1.46	0.0160515
1.47	0.015969
1.48	0.0158871
1.49	0.0158059
1.5	0.0157253
1.51	0.0156453
1.52	0.0155659
1.53	0.0154872
1.54	0.0154091
1.55	0.0153315
1.56	0.0152546
1.57	0.0151783
1.58	0.0151025
1.59	0.0150273
1.6	0.0149527
1.61	0.0148787
1.62	0.0148094
1.63	0.0147415
1.64	0.0146742
1.65	0.0146073
1.66	0.0145408
1.67	0.0144748
1.68	0.0144092
1.69	0.0143441
1.7	0.0142794
1.71	0.0142152
1.72	0.0141514
1.73	0.014088
1.74	0.014025
1.75	0.0139625
1.76	0.0139003
1.77	0.0138386
1.78	0.0137773
1.79	0.0137164
1.8	0.0136559
1.81	0.0135959
1.82	0.0135362
1.83	0.0134769
1.84	0.013418
1.85	0.0133595
1.86	0.0133013
1.87	0.0132436
1.88	0.0131862
1.89	0.0131292
1.9	0.0130726
1.91	0.0130164
1.92	0.0129605
1.93	0.012905
1.94	0.0128498
1.95	0.012795
1.96	0.0127406
1.97	0.0126875
1.98	0.0126374
1.99	0.0125875
2	0.012538
